0 0.675780 0.492764 0.045177 0.037314
0 0.734079 0.498994 0.043887 0.036031
0 0.784015 0.499714 0.049461 0.040175
1 0.150410 0.468486 0.084690 0.056408
0 0.626188 0.489137 0.040419 0.034715
0 0.917879 0.505308 0.039403 0.035006
0 0.847500 0.498623 0.042931 0.038794
0 0.978819 0.621413 0.041280 0.038409
0 0.067744 0.518943 0.045860 0.035088
0 0.370078 0.401350 0.040481 0.035501
0 0.230704 0.483843 0.034496 0.035025
0 0.082498 0.476981 0.034889 0.036399
0 0.379852 0.090615 0.034465 0.044379
0 0.709166 0.871940 0.032512 0.080968
0 0.200447 0.519572 0.041704 0.040028
0 0.286607 0.488437 0.037016 0.044002
0 0.272911 0.520641 0.045306 0.034348
0 0.034864 0.206419 0.042244 0.049127
0 0.021168 0.478721 0.042269 0.039929
0 0.666366 0.951781 0.029980 0.083986
0 0.804061 0.932105 0.030945 0.085394
0 0.727349 0.949600 0.026280 0.085709
0 0.875170 0.924188 0.033772 0.081741
