0 0.678084 0.491098 0.045210 0.038076
1 0.155738 0.466259 0.084347 0.059639
0 0.850919 0.498356 0.042524 0.040605
0 0.737172 0.499299 0.044100 0.038436
0 0.373852 0.399836 0.038444 0.036840
0 0.788173 0.499651 0.046873 0.038634
0 0.383657 0.088389 0.035786 0.047142
0 0.626477 0.487841 0.038817 0.033249
0 0.920581 0.505909 0.040108 0.036240
0 0.980190 0.622801 0.038281 0.036828
0 0.347076 0.480816 0.047067 0.041274
0 0.805877 0.930495 0.032757 0.086577
0 0.875769 0.925851 0.039058 0.082542
0 0.712398 0.867444 0.030723 0.075820
0 0.071484 0.516412 0.046820 0.033323
0 0.330114 0.519605 0.041034 0.036562
0 0.040387 0.203737 0.043468 0.054185
0 0.849644 0.932522 0.034314 0.089923
4 0.023955 0.621513 0.044373 0.068084
0 0.289384 0.481487 0.036633 0.038294
