0 0.672768 0.482212 0.045921 0.038017
0 0.413790 0.476525 0.043686 0.033709
0 0.863376 0.488558 0.046533 0.039727
0 0.734311 0.487611 0.046115 0.040798
0 0.606274 0.480910 0.045443 0.039918
0 0.308343 0.474602 0.042653 0.035452
0 0.841247 0.530076 0.045660 0.041713
0 0.458652 0.472951 0.034553 0.045157
0 0.330200 0.508880 0.042122 0.042210
0 0.357224 0.476050 0.051424 0.036134
0 0.363293 0.395574 0.040622 0.037827
0 0.800866 0.490563 0.045617 0.037622
0 0.935415 0.498750 0.044111 0.037634
0 0.372050 0.085758 0.035249 0.046292
0 0.973260 0.610066 0.052396 0.042125
0 0.245855 0.468376 0.045327 0.036281
0 0.187817 0.468791 0.034134 0.037757
0 0.251405 0.488911 0.053464 0.076045
0 0.700656 0.854855 0.030800 0.075598
0 0.026684 0.495504 0.053352 0.070258
0 0.258054 0.509246 0.044701 0.037824
