0 0.750352 0.497665 0.046146 0.038640
0 0.655535 0.491590 0.042446 0.038158
0 0.387914 0.399909 0.040114 0.036744
0 0.919807 0.513839 0.046631 0.040400
0 0.345834 0.517258 0.044104 0.039681
0 0.273508 0.481180 0.034519 0.038736
0 0.532200 0.477910 0.042221 0.042919
0 0.099455 0.470354 0.034132 0.036154
0 0.396783 0.089227 0.035032 0.046524
0 0.289995 0.520553 0.043180 0.033750
4 0.038361 0.618196 0.044371 0.069370
0 0.726612 0.872832 0.031977 0.079093
1 0.182351 0.464796 0.091200 0.063033
0 0.056619 0.201827 0.046134 0.053976
0 0.080230 0.545532 0.050122 0.033209
