0 0.678689 0.492123 0.045708 0.037252
0 0.788957 0.500329 0.046989 0.039906
0 0.738794 0.499698 0.045067 0.038288
0 0.851693 0.499034 0.042427 0.040006
0 0.375055 0.399744 0.039967 0.036085
0 0.627994 0.488246 0.038917 0.034560
0 0.980599 0.623390 0.037646 0.038673
0 0.330878 0.516498 0.039313 0.039070
0 0.384203 0.088817 0.035135 0.046574
0 0.922236 0.506004 0.039641 0.036235
1 0.155363 0.464770 0.082107 0.055784
0 0.712596 0.868291 0.030369 0.075651
0 0.348333 0.478103 0.045463 0.040103
0 0.070841 0.515587 0.045496 0.034794
0 0.806732 0.931422 0.032968 0.086602
0 0.233373 0.481592 0.037942 0.038183
0 0.198860 0.534612 0.044837 0.059670
0 0.287420 0.483704 0.038723 0.039599
4 0.024974 0.621260 0.044730 0.068583
0 0.041634 0.204437 0.044216 0.055042
0 0.276864 0.518466 0.043102 0.035405
0 0.074352 0.514756 0.045990 0.043808
0 0.878250 0.926642 0.038793 0.079727
0 0.086245 0.472220 0.036407 0.032246
0 0.019457 0.516581 0.038782 0.039136
0 0.851568 0.932763 0.033980 0.086688
0 0.018696 0.255255 0.037332 0.033096
