0 0.672643 0.479549 0.046190 0.039176
0 0.412941 0.475221 0.044108 0.035117
0 0.733773 0.483665 0.045367 0.039966
0 0.862886 0.484970 0.049024 0.040906
0 0.801882 0.488728 0.047492 0.039568
0 0.606701 0.478092 0.044730 0.036724
0 0.515823 0.528262 0.038656 0.046397
0 0.329739 0.506341 0.043028 0.044105
0 0.359543 0.472107 0.048215 0.036896
0 0.362670 0.393044 0.041227 0.034825
0 0.973395 0.606856 0.052043 0.040769
0 0.307819 0.472971 0.040576 0.034899
0 0.700155 0.851702 0.031077 0.075886
0 0.370463 0.084092 0.035931 0.047927
0 0.246199 0.466300 0.043891 0.035422
0 0.254617 0.500552 0.047095 0.050108
0 0.027665 0.202453 0.044603 0.053615
0 0.024971 0.495845 0.049622 0.066322
0 0.975981 0.494671 0.047228 0.045580
0 0.187818 0.466158 0.034111 0.038030
0 0.257342 0.507168 0.044565 0.039402
