0 0.690103 0.489236 0.044419 0.037893
0 0.801167 0.498861 0.047323 0.039661
0 0.863472 0.497458 0.043305 0.042239
0 0.750059 0.497279 0.045255 0.036302
0 0.938279 0.504139 0.041440 0.036293
0 0.639692 0.485433 0.043047 0.039221
0 0.082808 0.506747 0.045592 0.038710
0 0.520165 0.497945 0.037097 0.058647
0 0.987220 0.622974 0.024617 0.038417
0 0.099961 0.467185 0.042057 0.034155
0 0.385176 0.395452 0.040330 0.036842
1 0.166409 0.461482 0.084423 0.063282
0 0.393885 0.086114 0.034748 0.046926
0 0.724751 0.866434 0.030697 0.076351
0 0.449643 0.598591 0.028903 0.064096
0 0.052834 0.196779 0.043702 0.048076
0 0.288810 0.519013 0.046292 0.047932
