0 0.673673 0.480961 0.048275 0.036257
0 0.413042 0.475809 0.043518 0.034867
0 0.698965 0.521275 0.045238 0.039905
0 0.733630 0.485865 0.045587 0.041208
0 0.862936 0.488148 0.047305 0.037767
0 0.802236 0.490289 0.047052 0.037782
0 0.605623 0.478980 0.046549 0.037658
0 0.329591 0.509003 0.043175 0.044142
0 0.359568 0.472656 0.047058 0.036615
0 0.362732 0.393591 0.040564 0.037482
0 0.308337 0.474085 0.042998 0.034955
0 0.973637 0.608108 0.051724 0.041634
0 0.258556 0.504159 0.046091 0.046228
0 0.370903 0.086174 0.035900 0.044412
0 0.700730 0.852672 0.032161 0.076867
0 0.939134 0.498819 0.042921 0.040256
0 0.024990 0.498028 0.049320 0.065708
0 0.245649 0.465726 0.044957 0.034453
0 0.988153 0.532644 0.022116 0.045185
