0 0.688688 0.488738 0.045629 0.038540
0 0.747036 0.496565 0.043316 0.034242
0 0.637782 0.484491 0.042414 0.040061
0 0.861748 0.495598 0.043253 0.039536
0 0.798691 0.499045 0.046378 0.038479
0 0.931452 0.503613 0.038692 0.033340
0 0.524981 0.502785 0.036000 0.052109
0 0.817329 0.928878 0.032426 0.083151
0 0.383278 0.395918 0.040380 0.036498
0 0.722933 0.863306 0.031290 0.080433
0 0.985684 0.620846 0.027529 0.037865
0 0.283934 0.521217 0.051517 0.063427
0 0.739752 0.942312 0.027079 0.084525
0 0.678818 0.948742 0.031819 0.084184
0 0.393104 0.083386 0.035985 0.051047
0 0.786352 0.848500 0.034792 0.087207
0 0.023922 0.246892 0.037350 0.039601
0 0.099313 0.539390 0.050273 0.040539
0 0.022372 0.508101 0.044624 0.042479
4 0.970183 0.459146 0.049123 0.049801
1 0.165804 0.463671 0.086854 0.068021
0 0.890316 0.925676 0.031110 0.077815
0 0.049761 0.197134 0.041686 0.050305
