0 0.675421 0.492924 0.045736 0.037328
0 0.783474 0.499989 0.051201 0.040358
0 0.734132 0.501232 0.043367 0.036505
1 0.150709 0.468992 0.085615 0.057003
0 0.847750 0.498977 0.042987 0.038969
0 0.917936 0.506036 0.039878 0.035438
0 0.626938 0.489166 0.040974 0.035518
0 0.978822 0.621964 0.041323 0.038710
0 0.069063 0.519385 0.046603 0.034453
0 0.380639 0.089937 0.036047 0.047585
0 0.370453 0.401958 0.038581 0.034241
0 0.230794 0.483830 0.034406 0.034703
0 0.083350 0.477040 0.039817 0.036904
0 0.021115 0.479189 0.042174 0.040083
0 0.035373 0.206147 0.042890 0.049242
0 0.286194 0.491655 0.038396 0.048795
0 0.804094 0.932390 0.030965 0.085250
0 0.201740 0.520256 0.040903 0.039682
0 0.709537 0.871929 0.031998 0.080283
0 0.273661 0.519353 0.047953 0.035728
0 0.666629 0.951629 0.029944 0.084407
