0 0.670976 0.479951 0.046385 0.038607
0 0.731733 0.484355 0.044671 0.041748
0 0.604513 0.477453 0.044871 0.038537
0 0.972210 0.606623 0.054444 0.040794
0 0.872986 0.491479 0.050416 0.040561
0 0.360670 0.472069 0.047286 0.035506
0 0.327546 0.507408 0.042237 0.040712
0 0.305617 0.473888 0.041590 0.035356
0 0.361266 0.392938 0.039749 0.035270
0 0.386646 0.540537 0.044176 0.044353
0 0.025271 0.494252 0.050203 0.071736
0 0.948787 0.446241 0.058540 0.047060
4 0.947833 0.446566 0.056801 0.047956
0 0.239107 0.539017 0.039954 0.036665
0 0.699665 0.851520 0.031142 0.077248
