0 0.728525 0.499723 0.044559 0.038008
0 0.777496 0.499379 0.046577 0.038370
0 0.055828 0.488501 0.038590 0.038427
0 0.307095 0.484685 0.049169 0.041857
0 0.363643 0.402192 0.040081 0.034023
0 0.669329 0.490679 0.044686 0.037590
0 0.911314 0.500676 0.040566 0.033412
0 0.838576 0.539775 0.048405 0.041903
0 0.974485 0.620783 0.049590 0.035888
0 0.372825 0.091411 0.036644 0.045760
0 0.164038 0.489230 0.041985 0.037710
4 0.600421 0.516970 0.093445 0.084162
0 0.840435 0.496391 0.042650 0.038122
0 0.660625 0.949968 0.032754 0.087300
0 0.767417 0.849326 0.035444 0.088150
0 0.799443 0.932158 0.033072 0.080066
0 0.722309 0.946837 0.025373 0.083768
0 0.797160 0.848332 0.024237 0.074201
