0 0.839433 0.496281 0.042535 0.041110
0 0.778036 0.498928 0.045131 0.037908
0 0.617439 0.487425 0.040799 0.037120
0 0.911117 0.501088 0.039722 0.032369
0 0.363356 0.402186 0.040216 0.034426
0 0.069119 0.490455 0.045081 0.035687
0 0.372174 0.090712 0.036250 0.047367
0 0.974325 0.619955 0.049760 0.036661
0 0.667081 0.491206 0.045843 0.038205
0 0.211239 0.485908 0.050712 0.042616
4 0.710875 0.547081 0.098983 0.079986
0 0.798225 0.928237 0.032685 0.081584
4 0.211019 0.485183 0.051373 0.043791
0 0.971882 0.505032 0.048715 0.041122
0 0.870815 0.924448 0.031476 0.076628
0 0.702889 0.867354 0.031339 0.074241
0 0.729229 0.499626 0.047062 0.038627
4 0.948265 0.457738 0.053532 0.051304
