0 0.689717 0.489180 0.045274 0.037257
0 0.800755 0.498317 0.046877 0.037330
0 0.863141 0.495802 0.043396 0.043148
0 0.749963 0.496527 0.046032 0.036689
0 0.639470 0.483988 0.042638 0.039832
0 0.081623 0.506725 0.045817 0.038326
0 0.933621 0.502703 0.040401 0.031996
0 0.384648 0.394660 0.039405 0.036837
0 0.402606 0.543820 0.041845 0.044819
0 0.100481 0.467344 0.044408 0.035458
0 0.987055 0.621625 0.024883 0.038309
0 0.521643 0.498381 0.037894 0.055808
0 0.440559 0.505253 0.039532 0.048336
0 0.724607 0.865923 0.031091 0.076573
0 0.394101 0.084927 0.036094 0.049476
0 0.052873 0.194842 0.043463 0.048022
0 0.025052 0.246281 0.036650 0.038156
0 0.818396 0.930674 0.033145 0.082708
0 0.288816 0.512751 0.049094 0.041745
