0 0.384769 0.481555 0.036522 0.036000
0 0.820566 0.502521 0.050859 0.038361
0 0.668280 0.501135 0.045550 0.032585
0 0.387659 0.400578 0.040077 0.035604
0 0.344710 0.518064 0.041327 0.037679
0 0.085598 0.511832 0.047691 0.036881
0 0.959256 0.518019 0.052692 0.038280
0 0.396774 0.088464 0.035108 0.046683
0 0.726739 0.873156 0.031716 0.078739
0 0.290445 0.516930 0.043171 0.038458
4 0.038105 0.619020 0.044327 0.070385
4 0.262489 0.475372 0.088292 0.088398
0 0.144549 0.470216 0.034724 0.031989
0 0.988866 0.630707 0.021569 0.041310
0 0.026329 0.514988 0.048763 0.039063
0 0.217456 0.514837 0.040469 0.038006
