0 0.674540 0.480524 0.047619 0.037227
0 0.750744 0.484693 0.047321 0.039733
0 0.604395 0.477217 0.045069 0.038703
0 0.972154 0.606532 0.054531 0.042769
0 0.308641 0.474212 0.043203 0.034097
0 0.361203 0.392980 0.039486 0.034977
0 0.375841 0.472232 0.045616 0.040115
0 0.024679 0.494343 0.049306 0.071770
0 0.762967 0.834069 0.035526 0.088142
0 0.793717 0.915657 0.032724 0.083421
0 0.324596 0.509295 0.036543 0.037227
0 0.966943 0.492869 0.052035 0.041775
0 0.247462 0.465427 0.047851 0.034411
0 0.250637 0.488034 0.051985 0.077866
0 0.699596 0.852159 0.031172 0.077184
0 0.186992 0.466971 0.031654 0.035378
