0 0.797092 0.498812 0.049069 0.038943
0 0.687847 0.488884 0.044394 0.037723
0 0.746557 0.496815 0.043739 0.034967
0 0.525424 0.504668 0.036215 0.052627
0 0.637404 0.484793 0.044033 0.041708
0 0.930504 0.503695 0.039370 0.032556
0 0.861006 0.497005 0.042550 0.037746
0 0.382900 0.396021 0.040550 0.037399
0 0.399552 0.547138 0.043461 0.039544
0 0.985188 0.620414 0.028548 0.039773
0 0.816708 0.929279 0.031968 0.083425
0 0.392321 0.085138 0.036624 0.051070
0 0.722293 0.865869 0.032892 0.076241
0 0.739770 0.942923 0.026191 0.084639
0 0.678184 0.949572 0.031348 0.085834
0 0.460329 0.515581 0.040394 0.059763
0 0.889851 0.925571 0.030612 0.078624
0 0.024227 0.245866 0.038751 0.041337
0 0.298936 0.540574 0.053575 0.043594
0 0.049807 0.197640 0.043112 0.051581
0 0.330934 0.481405 0.042024 0.048483
0 0.786143 0.848399 0.034352 0.085962
4 0.968779 0.460290 0.048443 0.049787
