0 0.364988 0.513014 0.047521 0.037394
0 0.562452 0.521153 0.042596 0.038041
0 0.671362 0.482525 0.047047 0.041404
0 0.914067 0.496820 0.041942 0.037093
0 0.846346 0.492283 0.041413 0.033001
0 0.620979 0.483293 0.043491 0.037786
0 0.781994 0.493044 0.048411 0.037604
1 0.146669 0.465441 0.086126 0.057047
0 0.282098 0.481534 0.040318 0.036797
0 0.366492 0.398198 0.040502 0.035037
0 0.374815 0.085858 0.035295 0.045249
0 0.725441 0.939896 0.027779 0.085710
0 0.239384 0.517372 0.047001 0.039108
0 0.977879 0.612425 0.043157 0.042102
0 0.733762 0.515337 0.045446 0.069607
0 0.732294 0.492358 0.043952 0.033868
0 0.734504 0.529919 0.045314 0.044204
0 0.664813 0.948018 0.031116 0.083682
0 0.707902 0.861406 0.032483 0.081597
0 0.334404 0.478022 0.042673 0.037200
0 0.802296 0.925347 0.033022 0.083169
