0 0.751446 0.501932 0.045518 0.036951
0 0.690308 0.493554 0.046021 0.037051
0 0.810826 0.503531 0.047926 0.036926
0 0.386429 0.399349 0.038738 0.035490
0 0.640865 0.489740 0.040668 0.037054
0 0.395942 0.088387 0.035321 0.046289
0 0.724985 0.871201 0.029720 0.077989
0 0.055501 0.199651 0.044781 0.051675
0 0.821701 0.939379 0.032372 0.078477
4 0.973627 0.465776 0.049641 0.049912
0 0.100161 0.469661 0.039605 0.033740
0 0.984278 0.512797 0.030252 0.039227
1 0.641089 0.676411 0.021462 0.062750
0 0.988086 0.627178 0.023007 0.043572
