0 0.676225 0.490627 0.045505 0.037939
0 0.785422 0.498916 0.048247 0.040312
0 0.734937 0.498255 0.043159 0.035764
0 0.978938 0.619673 0.041387 0.041214
0 0.848406 0.497752 0.042152 0.038196
0 0.918037 0.503602 0.038946 0.033451
0 0.626394 0.487716 0.041547 0.035497
1 0.151962 0.466127 0.084914 0.057295
0 0.371464 0.399717 0.039686 0.037784
0 0.709725 0.867765 0.032440 0.074596
0 0.381590 0.087976 0.036253 0.047522
0 0.068797 0.515534 0.047653 0.036188
0 0.083553 0.472640 0.036167 0.033080
0 0.345364 0.478951 0.045660 0.040514
0 0.202589 0.516437 0.040439 0.036935
0 0.727258 0.945862 0.025899 0.085490
0 0.036264 0.204264 0.042163 0.052442
0 0.665221 0.949959 0.033691 0.089055
0 0.287335 0.484320 0.037497 0.038225
0 0.228896 0.481844 0.040022 0.037366
0 0.273642 0.517506 0.046887 0.037150
0 0.327792 0.517566 0.040540 0.036297
0 0.976538 0.508395 0.043658 0.040550
0 0.804800 0.930876 0.030931 0.083283
