0 0.780648 0.494874 0.048405 0.036966
0 0.692848 0.526584 0.049015 0.035669
1 0.145598 0.469784 0.085986 0.061813
0 0.366038 0.399725 0.042593 0.036969
0 0.374427 0.087435 0.035601 0.044046
0 0.977531 0.614420 0.043678 0.040399
0 0.313359 0.519824 0.038015 0.037187
0 0.730767 0.495349 0.044429 0.034917
0 0.620293 0.486095 0.045529 0.039482
0 0.845198 0.492963 0.041556 0.035421
0 0.913516 0.540133 0.049771 0.043042
0 0.282694 0.483693 0.041126 0.037375
0 0.914602 0.498765 0.040397 0.037267
0 0.249456 0.514101 0.044140 0.035590
0 0.725693 0.941886 0.025645 0.084578
0 0.338795 0.479618 0.047012 0.038961
0 0.223891 0.483003 0.036073 0.034060
0 0.075711 0.477336 0.035375 0.037398
0 0.671595 0.484231 0.043525 0.042168
0 0.491311 0.520395 0.046402 0.043181
0 0.664237 0.948871 0.032174 0.086872
0 0.010266 0.482165 0.020008 0.030988
0 0.706853 0.863276 0.031401 0.077661
0 0.802552 0.927407 0.032075 0.085142
1 0.621923 0.671252 0.020479 0.061781
0 0.072969 0.483677 0.043792 0.047836
0 0.071003 0.519321 0.047513 0.045290
1 0.650589 0.677873 0.024137 0.068916
