0 0.802203 0.500331 0.048064 0.039930
0 0.386269 0.397374 0.040689 0.038901
0 0.893394 0.500180 0.047175 0.038555
0 0.690633 0.492020 0.045391 0.036984
0 0.751463 0.499212 0.046142 0.038926
0 0.084219 0.508699 0.044731 0.038373
0 0.054514 0.198573 0.045616 0.052715
0 0.638887 0.487160 0.038299 0.031788
0 0.101146 0.468333 0.042488 0.034143
0 0.395332 0.087321 0.035005 0.044808
0 0.725076 0.868462 0.031122 0.077473
0 0.426588 0.559340 0.044861 0.048701
0 0.820986 0.934058 0.032267 0.082812
0 0.987946 0.625430 0.023211 0.040864
4 0.973218 0.465475 0.047454 0.047883
0 0.644966 0.488359 0.031905 0.031734
