0 0.672733 0.482064 0.046228 0.038067
0 0.413316 0.476003 0.043595 0.034164
0 0.863047 0.488045 0.046649 0.039108
0 0.734394 0.486898 0.046154 0.041977
0 0.606427 0.480185 0.046154 0.037838
0 0.308127 0.474397 0.042640 0.035688
0 0.330036 0.508512 0.042384 0.042186
0 0.363274 0.394785 0.040708 0.038172
0 0.462765 0.476227 0.031605 0.050283
0 0.357203 0.475894 0.050168 0.034437
0 0.371705 0.085861 0.035232 0.045467
0 0.801925 0.490471 0.046337 0.034931
0 0.935033 0.498000 0.043688 0.037399
0 0.973085 0.610054 0.052739 0.042219
0 0.187538 0.468931 0.033988 0.038528
0 0.246241 0.467339 0.045502 0.034965
0 0.802924 0.510194 0.046124 0.074364
0 0.253504 0.492472 0.054430 0.071146
0 0.700548 0.854209 0.031904 0.075096
0 0.258315 0.508887 0.045551 0.038330
0 0.023803 0.509458 0.047332 0.045795
1 0.739223 0.675920 0.024861 0.068935
