0 0.069243 0.484288 0.052667 0.044086
0 0.667487 0.488886 0.046540 0.038526
0 0.839503 0.494576 0.042337 0.039424
0 0.617023 0.485625 0.044163 0.040979
0 0.974497 0.616964 0.049475 0.040081
0 0.910570 0.498820 0.038129 0.034408
0 0.363040 0.401769 0.039507 0.034764
0 0.777549 0.495806 0.048096 0.039884
0 0.371259 0.089926 0.035390 0.047197
0 0.970261 0.502528 0.046275 0.039428
0 0.798255 0.928160 0.032912 0.079064
0 0.702399 0.863081 0.031178 0.077011
0 0.727877 0.496030 0.044504 0.035630
0 0.755404 0.538958 0.100692 0.079506
