0 0.690939 0.494860 0.046830 0.038572
0 0.767784 0.504766 0.045283 0.034545
0 0.901486 0.508823 0.048210 0.040914
0 0.386867 0.400605 0.039344 0.035732
0 0.640892 0.489311 0.040682 0.034359
0 0.085239 0.514143 0.046536 0.035065
0 0.346603 0.517561 0.049473 0.037952
0 0.987949 0.630055 0.023302 0.040577
0 0.725394 0.873295 0.031135 0.079490
1 0.167806 0.465142 0.081744 0.056419
0 0.396043 0.090140 0.035557 0.046402
4 0.168349 0.463569 0.083945 0.056096
4 0.037959 0.618672 0.044551 0.070300
0 0.465918 0.404794 0.018805 0.056839
