0 0.669655 0.490713 0.045065 0.038013
0 0.778100 0.499328 0.046840 0.037860
0 0.728790 0.497430 0.044775 0.034420
0 0.840969 0.496532 0.042754 0.041648
0 0.364733 0.402449 0.041811 0.033637
0 0.372857 0.091066 0.036225 0.044833
1 0.535771 0.516630 0.095315 0.071536
0 0.752393 0.534747 0.048181 0.041339
0 0.911941 0.501249 0.040283 0.033487
0 0.098113 0.488542 0.039143 0.037008
0 0.974948 0.619172 0.048700 0.042641
0 0.619191 0.487828 0.039980 0.034827
0 0.329044 0.484277 0.049858 0.042159
0 0.660183 0.949515 0.034513 0.089071
0 0.767981 0.849466 0.034877 0.089944
0 0.199359 0.487521 0.043532 0.039181
0 0.722348 0.946343 0.025708 0.083313
