0 0.676896 0.492534 0.044559 0.038103
0 0.734891 0.500038 0.044000 0.035712
0 0.784323 0.500401 0.053010 0.040517
1 0.153297 0.467663 0.083754 0.057235
0 0.848970 0.499196 0.042111 0.039598
0 0.979209 0.621934 0.040404 0.037559
0 0.381997 0.089957 0.036148 0.048203
0 0.627506 0.489570 0.042298 0.035303
0 0.919131 0.506039 0.040497 0.034966
0 0.069888 0.518426 0.046598 0.032762
0 0.232047 0.483670 0.034541 0.034893
0 0.276001 0.518139 0.049120 0.036926
0 0.286158 0.487407 0.039825 0.042839
0 0.711000 0.870954 0.029840 0.075218
0 0.084373 0.474884 0.036754 0.036750
0 0.020828 0.478326 0.041605 0.041341
0 0.201656 0.518125 0.042407 0.039398
0 0.037927 0.204877 0.042511 0.053282
0 0.328766 0.520427 0.041374 0.035953
0 0.804301 0.932480 0.031010 0.086174
0 0.774474 0.852008 0.033865 0.086492
0 0.398615 0.550170 0.038059 0.047753
0 0.371389 0.400350 0.038041 0.035174
0 0.727420 0.949366 0.026428 0.085447
