0 0.689799 0.489115 0.045262 0.038695
0 0.800809 0.498368 0.046918 0.037879
0 0.750283 0.496385 0.045631 0.036441
0 0.863607 0.495943 0.042984 0.041381
0 0.081933 0.506308 0.046163 0.037463
0 0.384803 0.394638 0.038780 0.036770
0 0.639663 0.484164 0.042676 0.038227
0 0.460622 0.525312 0.035866 0.053320
0 0.935979 0.502679 0.039524 0.030947
0 0.100649 0.467007 0.044763 0.035420
0 0.520485 0.495653 0.036950 0.053329
0 0.287214 0.512499 0.046369 0.043013
0 0.724798 0.866043 0.030789 0.075393
0 0.987110 0.621598 0.024798 0.038804
0 0.053201 0.195453 0.044263 0.050942
0 0.394368 0.085164 0.035652 0.047957
0 0.025483 0.245815 0.034772 0.037730
3 0.656047 0.571582 0.011457 0.028359
0 0.818996 0.930723 0.033516 0.081623
