0 0.648071 0.523768 0.049557 0.039025
0 0.731772 0.494857 0.044571 0.035453
0 0.671275 0.487664 0.045640 0.039644
0 0.781333 0.495013 0.047809 0.036754
0 0.038444 0.522403 0.047544 0.038209
0 0.914825 0.497532 0.040689 0.036551
1 0.145470 0.469314 0.085120 0.059259
0 0.366241 0.399884 0.042329 0.036398
0 0.374544 0.087483 0.035555 0.043873
0 0.281575 0.485657 0.041455 0.043035
0 0.977425 0.614809 0.043485 0.039400
0 0.870050 0.539030 0.049578 0.040781
0 0.075688 0.476918 0.038070 0.037158
0 0.014288 0.481023 0.027551 0.035994
0 0.845127 0.491202 0.041850 0.036820
0 0.338732 0.477652 0.048271 0.039512
0 0.457663 0.517577 0.046443 0.041530
0 0.619980 0.485776 0.042735 0.038197
0 0.725855 0.941825 0.025672 0.084645
0 0.664235 0.949172 0.031738 0.087085
0 0.225481 0.482588 0.036339 0.033250
0 0.802663 0.927548 0.032177 0.085151
0 0.706719 0.863768 0.031637 0.078208
0 0.218196 0.488974 0.046368 0.047271
0 0.213952 0.515271 0.044143 0.037549
