0 0.705259 0.528815 0.044963 0.038417
0 0.373132 0.089995 0.035291 0.044782
0 0.779257 0.497281 0.048737 0.038401
0 0.729756 0.498797 0.041699 0.035807
0 0.496874 0.525365 0.048803 0.033643
0 0.670732 0.489145 0.044477 0.036200
0 0.913141 0.499451 0.041333 0.034978
0 0.364974 0.401043 0.042038 0.035384
0 0.841661 0.494985 0.042237 0.037756
0 0.975311 0.618700 0.046294 0.040558
0 0.620443 0.487616 0.039948 0.034245
0 0.814371 0.539504 0.040376 0.040338
0 0.204990 0.484852 0.037116 0.033534
0 0.723400 0.947130 0.026439 0.081868
0 0.661998 0.949191 0.031779 0.087284
0 0.973680 0.504588 0.047701 0.040586
