0 0.678190 0.491151 0.044936 0.038199
0 0.737575 0.499609 0.044419 0.038294
0 0.851048 0.498295 0.042583 0.040532
1 0.155738 0.465529 0.084534 0.059133
0 0.787388 0.500547 0.046061 0.039205
0 0.374360 0.399749 0.039414 0.036287
0 0.920504 0.505756 0.040094 0.036219
0 0.384331 0.087652 0.036982 0.047900
0 0.626951 0.487877 0.038416 0.032597
0 0.980693 0.623671 0.037696 0.037202
0 0.712367 0.867589 0.030268 0.075288
0 0.347408 0.478650 0.046378 0.040406
0 0.806331 0.930510 0.032253 0.087062
0 0.330892 0.521759 0.041361 0.031478
0 0.876121 0.925410 0.039277 0.083338
0 0.287831 0.484955 0.039187 0.042800
4 0.024045 0.621410 0.045051 0.068657
0 0.040816 0.204205 0.044329 0.054623
0 0.071708 0.516712 0.046388 0.033219
