0 0.392038 0.475508 0.046169 0.039153
0 0.711831 0.482002 0.048166 0.036124
0 0.613728 0.477242 0.044824 0.038582
0 0.817373 0.487962 0.047493 0.039515
0 0.360237 0.394399 0.039366 0.037181
0 0.971718 0.607586 0.055123 0.041370
0 0.761942 0.834664 0.035764 0.087981
0 0.792848 0.914919 0.032792 0.080989
0 0.278202 0.541294 0.045938 0.047092
0 0.323362 0.504067 0.051719 0.052082
0 0.943389 0.447701 0.051685 0.044464
0 0.698749 0.852413 0.032659 0.078079
0 0.247914 0.465936 0.045067 0.034520
0 0.316301 0.475172 0.043512 0.038757
0 0.368927 0.085158 0.036142 0.051282
0 0.322138 0.492200 0.051095 0.069775
0 0.835445 0.916796 0.035662 0.085141
0 0.027290 0.490076 0.045539 0.063322
