0 0.744722 0.499348 0.044215 0.036403
0 0.795362 0.500057 0.049639 0.039071
0 0.685728 0.490950 0.046069 0.037476
0 0.858794 0.498110 0.042161 0.039278
0 0.636765 0.486532 0.040200 0.039909
0 0.929506 0.507414 0.039910 0.038209
0 0.984481 0.623351 0.030244 0.042818
0 0.386382 0.477731 0.047760 0.044700
0 0.380694 0.399096 0.038536 0.036205
1 0.162471 0.465232 0.084446 0.064884
0 0.539935 0.513881 0.036438 0.044982
0 0.814408 0.930190 0.032623 0.084263
0 0.737986 0.946955 0.025916 0.082531
0 0.023122 0.249573 0.038776 0.038192
0 0.676805 0.949399 0.029662 0.084621
0 0.450861 0.622236 0.027928 0.066536
0 0.391367 0.086106 0.037275 0.048417
0 0.299667 0.483809 0.040082 0.044649
0 0.094279 0.468184 0.036248 0.031802
0 0.283377 0.514223 0.040068 0.037572
0 0.240166 0.479259 0.036729 0.038667
