0 0.677669 0.491018 0.045473 0.038570
0 0.736746 0.499519 0.043367 0.038152
1 0.155105 0.465914 0.083905 0.059808
0 0.850724 0.498245 0.042133 0.040708
0 0.787612 0.499867 0.047288 0.038379
0 0.373791 0.399389 0.038743 0.036441
0 0.383267 0.088705 0.035761 0.047851
0 0.626894 0.487261 0.040462 0.034094
0 0.920490 0.505404 0.039494 0.034966
0 0.979912 0.622653 0.038819 0.036450
0 0.040296 0.203808 0.043357 0.054644
0 0.711875 0.866813 0.030464 0.075982
0 0.204123 0.516517 0.038307 0.037246
0 0.875827 0.925476 0.038565 0.082498
0 0.805792 0.930286 0.032814 0.086704
0 0.071205 0.516501 0.046092 0.033312
0 0.347395 0.480562 0.045995 0.040642
0 0.234688 0.481038 0.034967 0.037547
0 0.085715 0.470899 0.035908 0.031454
0 0.289549 0.483947 0.039815 0.039572
