0 0.413198 0.475799 0.043315 0.034826
0 0.734116 0.486322 0.045492 0.042492
0 0.863027 0.487631 0.047655 0.038426
0 0.663606 0.521601 0.044403 0.039217
0 0.329731 0.508763 0.043141 0.044096
0 0.802235 0.490354 0.046762 0.037891
0 0.605114 0.478939 0.046483 0.038725
0 0.359220 0.472666 0.047861 0.036852
0 0.362716 0.393467 0.040421 0.037231
0 0.308298 0.473834 0.042682 0.035047
0 0.973248 0.608177 0.051333 0.040789
0 0.671242 0.482063 0.047136 0.039318
0 0.700418 0.852959 0.032184 0.076112
0 0.258365 0.503659 0.046076 0.046760
0 0.370903 0.086145 0.035501 0.044517
0 0.024811 0.498503 0.049026 0.064261
0 0.246408 0.465838 0.043174 0.032867
