0 0.878999 0.500751 0.043982 0.036835
0 0.386245 0.397082 0.040772 0.039161
0 0.801879 0.500022 0.048218 0.039752
0 0.690562 0.491762 0.045212 0.037097
0 0.751091 0.499575 0.045198 0.038025
0 0.083795 0.508506 0.045421 0.038319
0 0.054441 0.197905 0.045983 0.052736
0 0.638766 0.487229 0.038850 0.031424
0 0.100995 0.467937 0.042283 0.034402
0 0.395304 0.087344 0.034589 0.044911
0 0.987944 0.624729 0.023230 0.042057
4 0.972833 0.464510 0.048939 0.049592
0 0.286174 0.528945 0.048369 0.055709
0 0.724971 0.867876 0.030252 0.077265
0 0.502777 0.470606 0.034336 0.054573
0 0.437621 0.571833 0.041850 0.052941
0 0.076521 0.258400 0.078556 0.085599
0 0.820026 0.932306 0.032345 0.085518
