0 0.816048 0.506869 0.045802 0.038372
0 0.699256 0.494489 0.045444 0.037943
0 0.387461 0.400124 0.039953 0.036630
0 0.641526 0.489070 0.040541 0.035613
0 0.344073 0.516771 0.042925 0.037805
0 0.396553 0.089294 0.035438 0.046210
0 0.290224 0.517576 0.044705 0.038518
0 0.988473 0.630214 0.022289 0.040468
0 0.249319 0.480787 0.039149 0.033609
4 0.038385 0.618147 0.045007 0.069599
0 0.086180 0.511036 0.046343 0.037341
1 0.168130 0.466002 0.082478 0.058079
0 0.725974 0.873084 0.031162 0.079707
4 0.168279 0.464423 0.083786 0.057041
