0 0.677503 0.490833 0.045652 0.038872
1 0.155298 0.465903 0.084394 0.059269
0 0.736608 0.499548 0.043701 0.038402
0 0.787326 0.500186 0.047536 0.038482
0 0.850507 0.497917 0.042638 0.041125
0 0.373699 0.399481 0.039448 0.036963
0 0.383034 0.088387 0.035476 0.047847
0 0.627092 0.487599 0.040902 0.034378
0 0.919827 0.505267 0.038628 0.034928
0 0.711557 0.866554 0.030673 0.075847
0 0.979751 0.622256 0.039184 0.036772
0 0.070794 0.516073 0.046540 0.034125
0 0.204803 0.515967 0.039870 0.037472
0 0.040372 0.203227 0.044191 0.055114
0 0.086768 0.472841 0.038416 0.033975
0 0.805567 0.930512 0.032897 0.086408
0 0.289299 0.480012 0.039027 0.032329
0 0.234323 0.480818 0.034995 0.037141
0 0.347484 0.480732 0.045113 0.039719
0 0.276448 0.517755 0.044930 0.037719
0 0.876010 0.925719 0.038090 0.080973
0 0.328621 0.534917 0.041752 0.042363
