0 0.730173 0.496109 0.045001 0.035880
0 0.671050 0.488713 0.044994 0.038244
0 0.812425 0.530693 0.048862 0.042010
0 0.019612 0.478694 0.035948 0.037513
0 0.321472 0.521933 0.049124 0.036638
0 0.373867 0.088687 0.035457 0.045275
4 0.140463 0.493318 0.096498 0.100547
0 0.590610 0.528033 0.039185 0.037675
0 0.500651 0.520317 0.043678 0.040349
0 0.223340 0.483740 0.038843 0.034494
0 0.621014 0.486859 0.041993 0.034640
0 0.913654 0.499549 0.041053 0.035765
0 0.779641 0.495285 0.048596 0.038169
0 0.281571 0.482848 0.043801 0.037069
0 0.976446 0.615797 0.045995 0.041177
0 0.842568 0.494655 0.042945 0.035701
0 0.724216 0.945696 0.025947 0.083794
0 0.662883 0.948746 0.030962 0.085299
0 0.364913 0.401281 0.040725 0.035803
