0 0.676153 0.492233 0.044701 0.037751
0 0.734205 0.499086 0.043740 0.035548
0 0.784109 0.499673 0.049193 0.039919
0 0.626033 0.488766 0.040017 0.035756
0 0.917820 0.504259 0.039364 0.034490
0 0.067513 0.518810 0.045921 0.036374
1 0.149726 0.469155 0.083961 0.057736
0 0.847840 0.498425 0.042877 0.038436
0 0.978903 0.620754 0.041097 0.039279
0 0.230212 0.483834 0.034709 0.034721
0 0.198245 0.518641 0.044492 0.042306
0 0.369554 0.400395 0.039284 0.037227
0 0.082481 0.476923 0.034694 0.037048
0 0.709518 0.870708 0.031849 0.076740
0 0.284103 0.491083 0.039474 0.049029
0 0.379715 0.090195 0.035266 0.044216
0 0.278802 0.519323 0.044303 0.037551
0 0.727232 0.948877 0.025882 0.087113
0 0.034355 0.206665 0.041578 0.049016
0 0.804215 0.932124 0.031302 0.085849
0 0.020768 0.479528 0.041458 0.039825
0 0.021112 0.624299 0.042033 0.075094
0 0.194021 0.523198 0.056186 0.049768
0 0.876170 0.924566 0.033214 0.080183
0 0.976453 0.508784 0.045635 0.042316
