0 0.690497 0.491519 0.044528 0.036689
0 0.800798 0.500803 0.046497 0.039507
0 0.386235 0.396868 0.040289 0.037879
0 0.400772 0.542727 0.043963 0.038530
0 0.511292 0.483397 0.034547 0.057931
0 0.750148 0.499528 0.044893 0.037333
0 0.864849 0.500593 0.044124 0.038314
0 0.639114 0.487217 0.040192 0.035621
0 0.054536 0.197709 0.046047 0.052790
0 0.819506 0.932303 0.032436 0.080937
0 0.988032 0.622951 0.023063 0.045290
4 0.972350 0.462849 0.047884 0.047367
0 0.100722 0.467065 0.040378 0.033619
0 0.395341 0.086616 0.035022 0.046313
0 0.724978 0.867660 0.030864 0.079267
0 0.076019 0.261848 0.078184 0.092186
0 0.218142 0.531322 0.058594 0.069866
4 0.168223 0.462057 0.084339 0.062344
0 0.491604 0.795442 0.026059 0.088194
