0 0.264403 0.521359 0.046645 0.036063
0 0.670800 0.488682 0.046450 0.039070
0 0.778980 0.495198 0.050024 0.038455
0 0.374080 0.087970 0.035122 0.044748
0 0.620264 0.485249 0.044858 0.041853
0 0.510272 0.523412 0.038750 0.036054
0 0.223440 0.483284 0.038760 0.034353
0 0.729303 0.514252 0.049406 0.073658
0 0.976253 0.614865 0.045408 0.040137
0 0.843440 0.494941 0.043704 0.035201
0 0.431347 0.514713 0.044993 0.037398
0 0.724715 0.943937 0.026549 0.084479
0 0.912691 0.498349 0.041339 0.036961
0 0.365040 0.400952 0.041266 0.036015
0 0.728754 0.525639 0.049746 0.053906
0 0.662807 0.948472 0.030548 0.086259
0 0.282585 0.481695 0.035595 0.035713
0 0.338287 0.478667 0.048094 0.040031
0 0.059366 0.502602 0.096389 0.088746
0 0.706125 0.865347 0.031421 0.073852
1 0.145632 0.472151 0.084788 0.060445
0 0.729750 0.502246 0.047388 0.050121
0 0.801368 0.928166 0.032685 0.087017
4 0.059889 0.503057 0.097294 0.087528
