0 0.782940 0.494348 0.047727 0.036980
0 0.375905 0.086784 0.036042 0.043899
0 0.622885 0.483944 0.041719 0.038869
0 0.915460 0.497947 0.040345 0.036079
0 0.732548 0.494790 0.044122 0.035707
0 0.691987 0.526678 0.046886 0.039609
0 0.674079 0.485654 0.045850 0.039784
0 0.283471 0.480363 0.040442 0.035953
0 0.978693 0.614840 0.041349 0.039213
1 0.147006 0.468381 0.085190 0.060725
0 0.367541 0.399595 0.039953 0.036692
0 0.185575 0.516963 0.050255 0.037341
0 0.019434 0.476161 0.038770 0.039574
0 0.803778 0.927216 0.031254 0.083497
0 0.218277 0.480583 0.051976 0.036600
0 0.227271 0.481648 0.032864 0.033406
0 0.351401 0.513411 0.045040 0.040657
0 0.726679 0.941960 0.026930 0.084789
0 0.029988 0.205500 0.041888 0.053972
0 0.078538 0.474258 0.039474 0.037694
0 0.665185 0.949092 0.031051 0.084669
0 0.708671 0.864235 0.034792 0.078067
1 0.625753 0.671588 0.026260 0.064392
