0 0.681250 0.493922 0.045401 0.036629
1 0.158557 0.466781 0.083906 0.055001
0 0.790862 0.502057 0.047575 0.038339
0 0.741212 0.501505 0.045050 0.038060
0 0.386663 0.089875 0.036006 0.047088
0 0.334377 0.518090 0.041214 0.037656
0 0.876385 0.548286 0.045457 0.038394
0 0.632824 0.488708 0.041186 0.035376
0 0.853650 0.502338 0.041491 0.036004
0 0.925048 0.508395 0.039356 0.038473
0 0.377589 0.401065 0.041527 0.035454
0 0.205388 0.535269 0.065697 0.067240
0 0.809910 0.935385 0.032809 0.079924
0 0.981955 0.624673 0.035054 0.041211
0 0.236452 0.483446 0.038032 0.034665
0 0.077767 0.514485 0.044948 0.043469
0 0.088687 0.474155 0.034400 0.036321
4 0.028194 0.621010 0.044866 0.068472
0 0.714363 0.870444 0.031653 0.080539
0 0.287248 0.500410 0.058847 0.074550
