0 0.387393 0.475072 0.045943 0.040482
0 0.699392 0.481904 0.048164 0.035641
0 0.607917 0.477785 0.045762 0.037949
0 0.797568 0.486962 0.046638 0.039631
0 0.971742 0.607021 0.055073 0.042153
0 0.360559 0.393230 0.039385 0.035239
0 0.762578 0.833693 0.035797 0.088399
0 0.312703 0.475282 0.041804 0.037837
0 0.024835 0.493977 0.049671 0.072057
0 0.247503 0.465877 0.045916 0.034502
0 0.250457 0.487958 0.047118 0.077200
0 0.368850 0.084766 0.036413 0.050564
0 0.792929 0.914610 0.032343 0.081817
0 0.698480 0.852685 0.032249 0.075676
4 0.945885 0.446622 0.055263 0.047808
