0 0.665635 0.489262 0.045186 0.038849
0 0.908097 0.497286 0.037397 0.036751
0 0.838087 0.493962 0.043193 0.035530
0 0.615588 0.484619 0.041689 0.039632
0 0.361227 0.400890 0.038699 0.035560
0 0.973166 0.616998 0.052189 0.039486
0 0.701419 0.864889 0.031390 0.076367
0 0.775585 0.495276 0.047659 0.037544
0 0.369542 0.090984 0.035278 0.046332
0 0.969726 0.500802 0.045602 0.041196
0 0.725732 0.496271 0.045646 0.036397
1 0.617139 0.671129 0.021342 0.061247
0 0.795052 0.925575 0.034480 0.084822
1 0.642527 0.677673 0.022660 0.069795
1 0.739254 0.682697 0.025414 0.072110
0 0.718979 0.943177 0.029178 0.085934
