0 0.689814 0.489657 0.045294 0.037815
0 0.800332 0.500153 0.045898 0.040080
0 0.749936 0.499242 0.044206 0.036424
0 0.863341 0.498469 0.043279 0.041781
0 0.639514 0.486742 0.042091 0.037077
0 0.953711 0.507198 0.041630 0.038411
0 0.386063 0.395961 0.041051 0.037428
0 0.987565 0.623780 0.023896 0.040864
0 0.429293 0.560782 0.042698 0.052422
0 0.394602 0.086958 0.035356 0.046499
0 0.819241 0.930559 0.031450 0.084724
0 0.075543 0.259928 0.076739 0.087508
0 0.053692 0.196881 0.044237 0.051435
0 0.517045 0.492514 0.034326 0.051210
0 0.290776 0.512039 0.050846 0.034718
0 0.892066 0.927436 0.037388 0.079496
0 0.725760 0.867065 0.032642 0.077913
