0 0.688663 0.488318 0.046398 0.039375
0 0.798642 0.498274 0.047134 0.038351
0 0.862335 0.495219 0.044012 0.039714
0 0.747496 0.496488 0.043636 0.035083
0 0.638111 0.484429 0.041927 0.039578
0 0.931579 0.503886 0.038982 0.033588
0 0.524651 0.501242 0.037127 0.054381
0 0.369951 0.477438 0.043509 0.041531
0 0.986017 0.620426 0.026860 0.038089
0 0.723709 0.863799 0.030978 0.077294
0 0.817890 0.928972 0.032586 0.085444
0 0.383608 0.395784 0.039939 0.035541
0 0.024115 0.246735 0.036833 0.038101
0 0.065074 0.538750 0.050008 0.041777
0 0.393186 0.084489 0.036461 0.049962
1 0.165019 0.462653 0.085408 0.064335
0 0.094941 0.465198 0.031263 0.031589
0 0.740319 0.941770 0.026400 0.084614
4 0.483261 0.560223 0.027892 0.067649
0 0.860361 0.930021 0.035508 0.089587
0 0.483796 0.560437 0.028924 0.068863
0 0.787964 0.848886 0.033046 0.084223
0 0.441176 0.582941 0.038413 0.064330
