0 0.797350 0.499327 0.047692 0.038998
0 0.746415 0.497382 0.044032 0.035700
0 0.687488 0.489775 0.044422 0.038378
0 0.416197 0.552853 0.045194 0.045091
0 0.859678 0.497711 0.042803 0.037631
0 0.636296 0.485470 0.042982 0.040361
0 0.930772 0.504435 0.039128 0.034487
0 0.383133 0.396300 0.040732 0.037634
0 0.080749 0.508747 0.047146 0.039425
0 0.441819 0.499897 0.044768 0.056288
0 0.526291 0.507033 0.037189 0.052119
0 0.739537 0.945982 0.025778 0.083191
1 0.164310 0.463820 0.086151 0.065042
0 0.023838 0.247311 0.038140 0.038450
0 0.984991 0.622482 0.029297 0.042044
0 0.093462 0.466219 0.031157 0.031893
0 0.677703 0.950435 0.029821 0.084643
0 0.816521 0.930596 0.032187 0.084102
0 0.720796 0.866428 0.031769 0.075769
0 0.315977 0.477003 0.043238 0.035799
0 0.785493 0.849324 0.034387 0.085998
