0 0.729785 0.496562 0.044822 0.036080
0 0.353640 0.522479 0.044423 0.038106
0 0.670152 0.488456 0.046432 0.037621
0 0.779444 0.495950 0.048606 0.038082
0 0.373693 0.089087 0.035427 0.045392
0 0.539837 0.520546 0.044946 0.039143
0 0.631377 0.532364 0.042154 0.042032
0 0.913549 0.499058 0.041147 0.034748
0 0.280995 0.485680 0.040026 0.039017
0 0.976591 0.616109 0.045701 0.040753
0 0.724144 0.945666 0.026103 0.083518
0 0.662430 0.948719 0.031773 0.086095
4 0.158961 0.495743 0.144632 0.103444
0 0.854940 0.535446 0.048332 0.039649
0 0.841966 0.492640 0.042136 0.035653
0 0.364654 0.401393 0.040766 0.036087
0 0.619771 0.487368 0.043414 0.036836
