0 0.672634 0.479261 0.045612 0.038444
0 0.413821 0.473802 0.044721 0.035403
0 0.733839 0.482631 0.045355 0.039495
0 0.863342 0.484949 0.048819 0.040209
0 0.605947 0.477104 0.045933 0.035734
0 0.802399 0.488276 0.046985 0.038671
0 0.973424 0.604877 0.051881 0.040905
0 0.359532 0.470702 0.047262 0.035003
0 0.329206 0.504932 0.042220 0.038625
0 0.483221 0.560279 0.031060 0.053667
0 0.362262 0.392298 0.041004 0.035463
0 0.024879 0.494896 0.049475 0.067525
0 0.307838 0.472799 0.041791 0.033474
0 0.246401 0.465916 0.044858 0.036489
0 0.251950 0.486587 0.050078 0.076200
4 0.948096 0.445884 0.052077 0.046729
0 0.027663 0.201194 0.044400 0.052850
0 0.187250 0.465740 0.033762 0.038644
1 0.617393 0.661012 0.021373 0.063515
0 0.700630 0.850922 0.031497 0.077310
