0 0.326145 0.510362 0.046361 0.044818
0 0.813636 0.485654 0.051044 0.044416
0 0.971497 0.609505 0.055630 0.042481
0 0.504834 0.476905 0.035000 0.037789
0 0.116891 0.482831 0.044741 0.033578
0 0.955584 0.495941 0.062498 0.040446
0 0.761581 0.837550 0.035339 0.087576
0 0.367670 0.084384 0.036716 0.052555
0 0.014433 0.620365 0.028602 0.071212
0 0.037133 0.492382 0.050254 0.059013
0 0.247547 0.510215 0.047064 0.039065
0 0.038425 0.481482 0.047497 0.035415
4 0.941926 0.449105 0.049538 0.047365
0 0.595591 0.487242 0.042241 0.040250
