0 0.676646 0.491357 0.044560 0.037833
0 0.784604 0.499907 0.049643 0.039450
0 0.734692 0.499134 0.043617 0.036541
0 0.848851 0.498379 0.042132 0.039264
0 0.918086 0.504913 0.039306 0.034736
0 0.626403 0.488606 0.041040 0.034631
0 0.978978 0.621274 0.040977 0.038528
1 0.152226 0.466420 0.084143 0.055859
0 0.371332 0.399624 0.039427 0.037780
0 0.036525 0.204739 0.041667 0.054161
0 0.381513 0.088660 0.036473 0.047672
0 0.069496 0.516613 0.047646 0.034468
0 0.709412 0.868045 0.032213 0.075507
0 0.201072 0.517455 0.040266 0.038447
0 0.328267 0.516048 0.040799 0.040130
0 0.275169 0.518541 0.048551 0.035716
0 0.082489 0.474343 0.035085 0.034871
0 0.230792 0.483386 0.035707 0.035376
0 0.285580 0.489341 0.039581 0.047379
0 0.345048 0.479211 0.045570 0.038486
0 0.666102 0.949989 0.031476 0.086195
