0 0.680539 0.480397 0.047833 0.037527
0 0.763780 0.484443 0.046326 0.042101
0 0.604691 0.476653 0.044642 0.037717
0 0.379597 0.472134 0.044567 0.041677
0 0.972214 0.605628 0.054397 0.042346
0 0.309672 0.473744 0.041838 0.034319
0 0.360810 0.392851 0.039660 0.034077
0 0.762743 0.833713 0.034996 0.088203
4 0.946200 0.445467 0.053658 0.048251
0 0.024886 0.493406 0.049763 0.071208
0 0.793587 0.915338 0.031693 0.082303
0 0.251206 0.487504 0.050269 0.078333
0 0.947152 0.445051 0.055437 0.047696
0 0.187210 0.466958 0.031315 0.035373
0 0.699106 0.852720 0.031535 0.076265
4 0.329642 0.517387 0.047655 0.059281
