0 0.756349 0.497061 0.048372 0.042084
0 0.387668 0.400115 0.040573 0.035456
0 0.084735 0.509974 0.046908 0.037379
0 0.885427 0.507062 0.046567 0.040175
0 0.118086 0.471688 0.035086 0.033804
0 0.290126 0.517813 0.043637 0.040627
0 0.043425 0.472433 0.054052 0.037754
0 0.025081 0.516022 0.047833 0.036455
0 0.396978 0.089047 0.034692 0.046769
0 0.726741 0.872838 0.031064 0.079199
0 0.614131 0.498033 0.047615 0.036351
4 0.037697 0.618996 0.043841 0.070929
0 0.334621 0.482514 0.037376 0.039214
0 0.988759 0.630566 0.021812 0.040724
0 0.085554 0.504720 0.048052 0.052023
0 0.056265 0.201620 0.045520 0.053842
4 0.227838 0.467729 0.083249 0.063411
