0 0.814551 0.502052 0.048060 0.038543
0 0.387664 0.400266 0.040375 0.036066
0 0.694036 0.495098 0.048030 0.039225
0 0.085649 0.512784 0.045602 0.035970
4 0.199839 0.467732 0.082102 0.073827
0 0.102047 0.471197 0.034774 0.036341
0 0.345262 0.516783 0.041898 0.036881
0 0.726633 0.872729 0.030827 0.079351
4 0.038077 0.618436 0.044324 0.070742
0 0.396862 0.089250 0.035673 0.047084
0 0.567701 0.493881 0.045855 0.035826
0 0.056123 0.201583 0.045765 0.053604
0 0.024728 0.524169 0.049392 0.057528
0 0.290004 0.519644 0.042241 0.034393
