0 0.732528 0.493830 0.043677 0.035379
0 0.605190 0.523213 0.037823 0.043216
0 0.673216 0.485094 0.046653 0.039792
0 0.622830 0.484467 0.039630 0.039601
0 0.783580 0.493536 0.046315 0.036916
0 0.914841 0.497315 0.041858 0.036879
0 0.834296 0.533917 0.046856 0.042782
0 0.846683 0.492148 0.041992 0.036976
0 0.449312 0.517508 0.046204 0.036044
0 0.366794 0.398848 0.040533 0.037656
0 0.375024 0.086560 0.036413 0.045511
0 0.977981 0.615479 0.042723 0.039752
1 0.146361 0.466495 0.085304 0.056833
0 0.266325 0.516123 0.046160 0.036852
0 0.708610 0.861471 0.032835 0.079342
0 0.076318 0.474469 0.037855 0.037329
0 0.339174 0.478330 0.049050 0.039775
0 0.725935 0.940670 0.027711 0.085950
0 0.282728 0.480300 0.033786 0.034142
0 0.225703 0.481862 0.036213 0.035423
0 0.664946 0.947967 0.031254 0.082603
0 0.018945 0.511283 0.036483 0.043007
0 0.220614 0.481217 0.049293 0.038561
0 0.803612 0.926953 0.031036 0.083189
4 0.018350 0.622168 0.036627 0.073400
0 0.978789 0.521176 0.042422 0.074896
