1 0.160040 0.464941 0.083384 0.058386
0 0.683141 0.491147 0.045039 0.036707
0 0.855668 0.498938 0.041927 0.036291
0 0.791358 0.501229 0.048795 0.038672
0 0.741346 0.501561 0.043260 0.037103
0 0.378936 0.399352 0.040602 0.037291
0 0.391644 0.544216 0.045870 0.035750
0 0.387906 0.088631 0.036777 0.046162
0 0.925126 0.507756 0.040014 0.039342
0 0.679231 0.540477 0.044224 0.040779
0 0.982615 0.623622 0.033875 0.041225
0 0.634232 0.488285 0.041477 0.034561
0 0.811145 0.933928 0.032727 0.080078
0 0.333527 0.516632 0.039119 0.039525
0 0.351480 0.479267 0.046989 0.039421
0 0.224753 0.481662 0.061573 0.037650
0 0.239497 0.482009 0.031806 0.034147
1 0.673468 0.949147 0.032938 0.088228
0 0.715751 0.868472 0.031324 0.075524
