0 0.733587 0.482084 0.045167 0.038496
0 0.864201 0.484602 0.048545 0.040542
0 0.672911 0.478521 0.046559 0.038848
0 0.423023 0.472156 0.041333 0.036259
0 0.802226 0.487626 0.047000 0.039642
0 0.359494 0.469836 0.046763 0.035179
0 0.973170 0.604389 0.052395 0.041215
0 0.328612 0.504175 0.041782 0.036469
0 0.362161 0.391814 0.040365 0.035267
0 0.025941 0.494201 0.048660 0.068920
1 0.617119 0.660732 0.020854 0.062798
0 0.252767 0.487149 0.047605 0.073394
0 0.605941 0.475339 0.045074 0.037953
0 0.246407 0.465281 0.045581 0.035475
0 0.307637 0.471526 0.040830 0.033917
0 0.187098 0.465638 0.033464 0.037909
0 0.700425 0.850280 0.030935 0.077601
