0 0.672752 0.479838 0.046167 0.038926
0 0.413360 0.475393 0.043153 0.035466
0 0.733842 0.484760 0.045153 0.041470
0 0.863281 0.485238 0.048502 0.040638
0 0.801682 0.488592 0.047827 0.038533
0 0.606485 0.477481 0.044947 0.036575
0 0.359083 0.472120 0.048369 0.037640
0 0.329909 0.507326 0.043358 0.043768
0 0.539928 0.522508 0.040681 0.040166
0 0.308312 0.473377 0.041734 0.034769
0 0.362727 0.393391 0.041497 0.035942
0 0.973227 0.607391 0.051592 0.039101
0 0.370638 0.085263 0.035799 0.045225
0 0.700266 0.852085 0.031425 0.075886
0 0.254521 0.499896 0.048687 0.052147
0 0.027312 0.202903 0.044500 0.054546
0 0.024699 0.495890 0.049187 0.066492
0 0.795670 0.916507 0.033473 0.080245
0 0.246151 0.466046 0.044122 0.035127
0 0.187663 0.466533 0.033880 0.038327
