0 0.670400 0.489737 0.044661 0.037998
0 0.729226 0.496410 0.044870 0.034966
0 0.859276 0.542325 0.039546 0.037426
0 0.779220 0.497681 0.045791 0.037602
0 0.270189 0.486303 0.040834 0.037990
0 0.536547 0.527462 0.047448 0.036773
0 0.364777 0.401639 0.041830 0.034815
0 0.373069 0.090294 0.035379 0.045274
0 0.619824 0.487763 0.040990 0.034938
0 0.975472 0.619057 0.046888 0.039715
0 0.749932 0.530451 0.047869 0.037538
0 0.841761 0.495884 0.042508 0.038248
1 0.350512 0.511271 0.091971 0.079637
0 0.912547 0.500072 0.041380 0.034202
0 0.191018 0.483774 0.034694 0.034438
0 0.723306 0.947809 0.026316 0.080046
1 0.055901 0.474291 0.087925 0.065510
0 0.662020 0.949370 0.031928 0.086735
0 0.974196 0.504910 0.046582 0.040613
4 0.350436 0.511843 0.091695 0.078498
