0 0.777927 0.498601 0.047639 0.037917
0 0.728859 0.497847 0.044483 0.035925
0 0.883178 0.540257 0.046265 0.041492
0 0.665107 0.531253 0.049665 0.040607
1 0.462852 0.515197 0.092237 0.069734
0 0.364674 0.402116 0.041647 0.034298
0 0.669292 0.489734 0.045330 0.036366
0 0.841335 0.496351 0.041954 0.038774
0 0.336537 0.482157 0.049189 0.044354
0 0.232303 0.485771 0.044134 0.040409
0 0.619313 0.487427 0.041949 0.036193
0 0.373218 0.090354 0.035923 0.045582
0 0.912082 0.501871 0.038923 0.035590
0 0.137222 0.486235 0.036171 0.030602
0 0.975003 0.620475 0.048777 0.036943
0 0.660671 0.949314 0.033499 0.088799
0 0.722575 0.947000 0.026043 0.081960
0 0.768143 0.849101 0.034630 0.088197
