0 0.797126 0.499501 0.047058 0.038653
0 0.745977 0.498027 0.044460 0.036502
0 0.635637 0.485963 0.042172 0.039539
0 0.686876 0.490884 0.044953 0.036960
0 0.430914 0.567544 0.043467 0.055687
0 0.930475 0.505537 0.039751 0.035470
0 0.382680 0.397104 0.040099 0.036872
0 0.859266 0.497298 0.042662 0.038852
0 0.423256 0.491022 0.047241 0.047502
0 0.529972 0.508427 0.037037 0.054317
0 0.985012 0.623040 0.029247 0.042075
1 0.164725 0.465845 0.087124 0.069453
0 0.023547 0.248410 0.038476 0.040042
0 0.677602 0.949856 0.030411 0.085700
0 0.739207 0.946764 0.025292 0.082806
0 0.080850 0.508869 0.045834 0.040327
0 0.816008 0.929887 0.031451 0.084290
0 0.391954 0.086001 0.036441 0.049553
0 0.306169 0.480732 0.040136 0.041144
0 0.720826 0.866623 0.031287 0.078347
4 0.968317 0.460586 0.050544 0.048081
