0 0.381459 0.514610 0.043005 0.038029
0 0.782548 0.494174 0.048366 0.037572
0 0.622541 0.484481 0.042366 0.038513
0 0.672460 0.483521 0.046128 0.041464
0 0.523244 0.519564 0.037502 0.039511
0 0.846440 0.493619 0.040068 0.034838
0 0.077539 0.473997 0.038429 0.035383
0 0.375717 0.086887 0.036224 0.044625
0 0.283407 0.480132 0.041852 0.036953
0 0.978557 0.615374 0.041587 0.039321
0 0.916087 0.499849 0.039186 0.037672
0 0.101678 0.515916 0.038059 0.046617
0 0.367399 0.399319 0.039625 0.035926
0 0.019766 0.475661 0.039368 0.039769
0 0.214588 0.499220 0.056344 0.074778
0 0.340191 0.478011 0.048305 0.040767
0 0.726253 0.942060 0.028191 0.085332
0 0.737983 0.528302 0.047097 0.046734
0 0.803873 0.927415 0.030724 0.082598
1 0.147368 0.466450 0.084965 0.057264
0 0.891768 0.538003 0.046085 0.045544
0 0.732924 0.493191 0.043653 0.032220
0 0.708889 0.862555 0.033454 0.080844
0 0.665320 0.948551 0.031164 0.084141
0 0.030162 0.205051 0.042056 0.054487
4 0.018150 0.622918 0.036300 0.070629
