0 0.438623 0.476005 0.043458 0.036926
0 0.627474 0.477524 0.047343 0.036539
0 0.254968 0.508904 0.047084 0.041732
0 0.326473 0.508497 0.044193 0.044169
0 0.971764 0.606729 0.055186 0.042791
0 0.857826 0.486680 0.049178 0.041344
0 0.762069 0.834382 0.035868 0.087991
0 0.359523 0.393590 0.038921 0.036070
0 0.023718 0.495014 0.047436 0.071502
0 0.346998 0.470377 0.046125 0.037174
0 0.014280 0.619691 0.028157 0.068774
0 0.792889 0.914694 0.033130 0.082192
4 0.947424 0.446330 0.058986 0.049094
0 0.698783 0.852775 0.032509 0.079782
4 0.023970 0.493652 0.047626 0.071716
