0 0.386558 0.522556 0.047642 0.037575
0 0.729283 0.497919 0.044418 0.036911
0 0.898642 0.536276 0.050008 0.047365
0 0.779257 0.496845 0.047636 0.038089
0 0.670941 0.489836 0.044691 0.037636
0 0.373533 0.089610 0.035270 0.045357
0 0.677759 0.531488 0.039173 0.038944
0 0.723970 0.945835 0.026663 0.083414
0 0.842098 0.494612 0.042891 0.037410
0 0.281343 0.485785 0.037639 0.036442
4 0.211726 0.508682 0.103352 0.085222
0 0.976071 0.617401 0.045505 0.040683
0 0.364825 0.401492 0.041408 0.035901
0 0.662157 0.948517 0.032429 0.086661
0 0.621430 0.487040 0.039875 0.032597
0 0.579306 0.522468 0.048017 0.042704
0 0.673184 0.484264 0.043586 0.036303
0 0.915565 0.500441 0.038156 0.035213
