0 0.604509 0.523503 0.043141 0.046532
0 0.623679 0.484337 0.039934 0.039166
0 0.846841 0.494527 0.041116 0.035383
1 0.147758 0.466353 0.083013 0.057250
0 0.753640 0.529654 0.044364 0.041612
0 0.783106 0.494746 0.047741 0.037625
0 0.299398 0.517263 0.045993 0.037175
0 0.732475 0.495596 0.043661 0.032401
0 0.673407 0.487019 0.046179 0.041628
0 0.915782 0.498833 0.039882 0.036303
0 0.376307 0.086823 0.035872 0.044318
0 0.978480 0.615590 0.041879 0.039689
0 0.339510 0.477832 0.049800 0.039941
0 0.709043 0.865126 0.033475 0.075899
0 0.419082 0.519238 0.041096 0.038208
0 0.803870 0.927985 0.030826 0.083567
0 0.367809 0.399766 0.040205 0.034586
0 0.726889 0.942447 0.027085 0.083822
0 0.227850 0.481563 0.034655 0.035017
0 0.078677 0.474962 0.040121 0.036928
0 0.773456 0.845634 0.037276 0.090217
0 0.665336 0.950341 0.030686 0.084772
0 0.734295 0.487993 0.044464 0.034004
0 0.017671 0.473971 0.034220 0.033532
4 0.018623 0.623483 0.037246 0.070761
0 0.040270 0.518759 0.045964 0.039196
0 0.285802 0.480843 0.035752 0.034923
