0 0.675682 0.490555 0.046353 0.037888
0 0.785715 0.498796 0.047776 0.039597
0 0.734880 0.497943 0.044005 0.035330
0 0.848409 0.497371 0.042655 0.038480
0 0.917580 0.503707 0.039269 0.033708
0 0.978994 0.619676 0.041235 0.039949
0 0.626161 0.486968 0.041875 0.035749
0 0.381212 0.088318 0.036026 0.046255
0 0.067376 0.515744 0.046993 0.036313
0 0.709552 0.867714 0.032104 0.073858
0 0.370718 0.399552 0.040531 0.036391
0 0.083244 0.474280 0.038210 0.036555
0 0.344927 0.479311 0.045352 0.040048
0 0.326909 0.516846 0.039811 0.038604
1 0.150258 0.464975 0.083918 0.054081
0 0.727535 0.946231 0.026008 0.083771
0 0.665720 0.950189 0.031985 0.088284
0 0.230476 0.482563 0.035443 0.035320
0 0.976251 0.507804 0.044072 0.040348
0 0.035666 0.203973 0.042504 0.052149
0 0.201653 0.518387 0.040823 0.038341
0 0.020774 0.476115 0.041402 0.038403
0 0.224109 0.481589 0.048936 0.038389
0 0.773883 0.850328 0.033539 0.086352
