0 0.690080 0.491280 0.045064 0.037523
0 0.386326 0.396724 0.040349 0.037825
0 0.863720 0.499854 0.043593 0.039818
0 0.800735 0.500872 0.046087 0.039562
0 0.750239 0.499461 0.045203 0.037271
0 0.416422 0.550129 0.043232 0.043386
0 0.639078 0.487339 0.040146 0.034777
0 0.515066 0.490369 0.035955 0.052124
0 0.054307 0.198137 0.045459 0.052984
0 0.819539 0.930904 0.031400 0.084241
0 0.491986 0.774049 0.023701 0.081479
0 0.395368 0.086752 0.035070 0.045917
0 0.987896 0.622902 0.023354 0.045117
0 0.101714 0.468802 0.044156 0.035072
0 0.725023 0.867626 0.030798 0.078829
0 0.076288 0.259717 0.078792 0.088749
1 0.788412 0.686735 0.025509 0.063520
