0 0.689010 0.488942 0.045740 0.037852
0 0.862657 0.495328 0.042727 0.042693
0 0.800220 0.498452 0.046314 0.036818
0 0.638366 0.484771 0.043903 0.039785
0 0.748717 0.497246 0.045350 0.035962
0 0.932889 0.503625 0.039100 0.034194
0 0.081309 0.506338 0.047277 0.038575
0 0.522906 0.500509 0.040155 0.055805
0 0.392904 0.480986 0.039703 0.039578
0 0.427895 0.561861 0.042396 0.054370
0 0.986536 0.621019 0.025860 0.039267
0 0.724075 0.864747 0.031621 0.077261
0 0.383989 0.394989 0.040118 0.037019
0 0.096898 0.466361 0.037442 0.034314
0 0.393723 0.084616 0.036389 0.050406
0 0.817616 0.928921 0.032757 0.087663
1 0.165730 0.461930 0.085501 0.063220
0 0.024119 0.246510 0.036638 0.038326
0 0.287926 0.512907 0.048786 0.040479
4 0.488956 0.588501 0.021766 0.071280
0 0.890109 0.925700 0.035736 0.080425
0 0.030041 0.469528 0.051131 0.039990
