0 0.789822 0.501243 0.046783 0.038956
0 0.679751 0.493133 0.043899 0.037385
0 0.739513 0.501564 0.046178 0.037370
0 0.851669 0.501852 0.043055 0.037972
0 0.385949 0.090111 0.035929 0.045626
0 0.629621 0.490171 0.042035 0.036827
0 0.073499 0.515976 0.047244 0.035985
0 0.375783 0.401447 0.039798 0.034737
0 0.981005 0.623819 0.036797 0.041294
0 0.923465 0.507813 0.039165 0.037752
1 0.157317 0.466793 0.084085 0.056292
0 0.087724 0.475022 0.034045 0.038203
4 0.028007 0.621303 0.045481 0.068496
0 0.713414 0.869943 0.031248 0.078270
0 0.233438 0.484042 0.041420 0.040640
0 0.019466 0.255562 0.038698 0.036106
0 0.204762 0.518732 0.038283 0.036665
