0 0.771768 0.482706 0.048035 0.039565
0 0.450512 0.475211 0.046573 0.038081
0 0.559140 0.479141 0.044153 0.038136
0 0.971637 0.608919 0.055407 0.041615
0 0.254483 0.509628 0.047029 0.040774
0 0.325451 0.511451 0.046092 0.046211
0 0.291188 0.472702 0.034507 0.034568
0 0.359455 0.396379 0.039797 0.035786
0 0.761773 0.837628 0.034555 0.085343
0 0.013837 0.515179 0.027365 0.034234
0 0.368286 0.085992 0.036674 0.050580
4 0.945388 0.449034 0.055797 0.049635
0 0.014983 0.621219 0.029717 0.069548
0 0.945275 0.448657 0.056541 0.048358
0 0.103093 0.492481 0.117782 0.063874
