0 0.485518 0.475896 0.033832 0.036603
0 0.326139 0.509154 0.046383 0.044975
0 0.111120 0.482844 0.045499 0.034522
0 0.916284 0.493891 0.049922 0.037944
0 0.250678 0.509374 0.047685 0.040304
0 0.971531 0.609234 0.055454 0.041794
0 0.781563 0.485939 0.049635 0.043328
0 0.367799 0.084122 0.036314 0.051854
0 0.024684 0.484140 0.045013 0.036094
0 0.051448 0.515084 0.050830 0.036961
0 0.571124 0.490128 0.044886 0.041945
0 0.217006 0.476915 0.040877 0.033381
0 0.761815 0.837202 0.035775 0.088492
0 0.014577 0.620757 0.028872 0.070177
0 0.792654 0.917511 0.031579 0.081598
