0 0.677226 0.491767 0.044864 0.038375
1 0.153727 0.467489 0.082880 0.056958
0 0.784448 0.500411 0.053367 0.040265
0 0.849101 0.498872 0.041922 0.039414
0 0.735095 0.500473 0.043145 0.037732
0 0.979168 0.622058 0.040393 0.037999
0 0.382362 0.089395 0.035673 0.048041
0 0.372680 0.397994 0.040648 0.039953
0 0.627431 0.489770 0.042989 0.035600
0 0.919593 0.505900 0.039511 0.034648
0 0.287284 0.485626 0.037905 0.038589
0 0.276554 0.518088 0.048865 0.036413
0 0.231331 0.482961 0.039746 0.037548
0 0.711081 0.869510 0.029359 0.077318
0 0.070165 0.516638 0.047065 0.034041
0 0.039127 0.203792 0.042901 0.053031
0 0.085127 0.475139 0.036938 0.037492
0 0.382189 0.542932 0.037448 0.034363
0 0.804794 0.931341 0.032540 0.086750
0 0.775253 0.851641 0.033372 0.086365
