0 0.800918 0.500753 0.046568 0.039083
0 0.690296 0.491463 0.044984 0.036704
0 0.386278 0.397045 0.040841 0.038509
0 0.750704 0.499379 0.045097 0.037089
0 0.869836 0.499107 0.043450 0.037753
0 0.639523 0.487460 0.039384 0.033767
4 0.972420 0.463869 0.047091 0.047969
0 0.395432 0.086723 0.035010 0.046364
0 0.507205 0.478217 0.036028 0.061066
0 0.100958 0.467530 0.041601 0.034181
0 0.447802 0.591329 0.033443 0.059496
0 0.054114 0.198114 0.045360 0.052085
0 0.386972 0.540700 0.042772 0.034241
0 0.083430 0.509172 0.043223 0.033631
0 0.076697 0.258657 0.078583 0.085086
0 0.987911 0.624028 0.023308 0.043520
0 0.725232 0.868072 0.030803 0.077441
0 0.819625 0.933313 0.032320 0.080070
