0 0.733225 0.496719 0.043917 0.034437
0 0.782332 0.497523 0.049681 0.037956
0 0.490647 0.522675 0.043608 0.040021
0 0.846645 0.494701 0.041968 0.038869
0 0.673944 0.488896 0.045399 0.035778
1 0.149555 0.468596 0.084870 0.059576
0 0.916512 0.501815 0.039896 0.034001
0 0.978074 0.618368 0.042775 0.038339
0 0.231002 0.499385 0.046257 0.067646
0 0.709021 0.866854 0.033185 0.076770
0 0.377034 0.087882 0.036423 0.045951
0 0.284646 0.482555 0.038993 0.036809
0 0.368612 0.400729 0.039368 0.035183
0 0.623271 0.525172 0.046968 0.048448
0 0.339820 0.480690 0.048126 0.044130
0 0.727396 0.946823 0.026051 0.082494
0 0.079156 0.477267 0.039475 0.040880
0 0.803858 0.929251 0.031324 0.082893
0 0.623811 0.486626 0.041644 0.039493
0 0.773184 0.848557 0.034802 0.087211
0 0.017108 0.517131 0.034183 0.039390
0 0.020129 0.477484 0.040257 0.034123
4 0.957176 0.458309 0.051415 0.048580
