0 0.672111 0.479369 0.046872 0.039305
0 0.733224 0.483155 0.045262 0.039721
0 0.452804 0.484877 0.036949 0.044006
0 0.802384 0.488089 0.047666 0.038865
0 0.328450 0.505059 0.041832 0.039162
0 0.972979 0.605605 0.052868 0.042150
0 0.890707 0.488318 0.046991 0.036516
0 0.606495 0.477300 0.043997 0.036255
0 0.024950 0.494184 0.049682 0.069055
0 0.359887 0.471668 0.050684 0.035341
0 0.306375 0.472928 0.039667 0.034304
0 0.245718 0.465916 0.044563 0.035843
0 0.187401 0.466281 0.031755 0.036579
0 0.361862 0.393064 0.040385 0.034793
0 0.252474 0.489686 0.047858 0.070891
4 0.947249 0.446396 0.049920 0.046233
0 0.256547 0.505032 0.046983 0.041789
0 0.026385 0.202785 0.043576 0.051804
0 0.699578 0.851582 0.030621 0.076454
