0 0.817912 0.486578 0.046446 0.038140
0 0.432191 0.475657 0.034198 0.035468
0 0.254356 0.510465 0.047741 0.039330
0 0.971459 0.609921 0.055605 0.042806
0 0.688749 0.482413 0.049245 0.043150
0 0.501569 0.526641 0.041008 0.050240
0 0.326700 0.510526 0.046251 0.040630
0 0.084175 0.482064 0.042856 0.033631
0 0.761116 0.838727 0.035110 0.088209
4 0.941048 0.449097 0.047718 0.048318
0 0.014428 0.502216 0.028604 0.067407
0 0.014595 0.621762 0.028929 0.069211
0 0.176699 0.476846 0.037018 0.033537
0 0.359059 0.395796 0.040103 0.037692
