0 0.671916 0.480651 0.047719 0.037551
0 0.732353 0.484721 0.045445 0.040607
0 0.604813 0.477569 0.044869 0.038364
0 0.836068 0.489799 0.046787 0.037142
0 0.358949 0.472275 0.048544 0.037401
0 0.972466 0.607775 0.054001 0.040323
0 0.361742 0.393366 0.039863 0.036744
0 0.407012 0.555411 0.042496 0.048738
0 0.327836 0.507911 0.043239 0.039842
0 0.307314 0.473937 0.043318 0.035984
0 0.025533 0.494373 0.050989 0.071302
0 0.699575 0.852102 0.031143 0.076679
0 0.369975 0.086340 0.034639 0.047456
0 0.244168 0.465825 0.044168 0.033495
0 0.187089 0.467636 0.031385 0.037114
0 0.837160 0.913885 0.034035 0.089836
