0 0.676137 0.490740 0.046016 0.038199
0 0.785598 0.498760 0.047597 0.040024
0 0.734948 0.498005 0.043852 0.035753
0 0.979245 0.619614 0.040706 0.040323
0 0.848552 0.497656 0.042512 0.038229
0 0.917598 0.503823 0.039639 0.033847
0 0.626414 0.487293 0.041233 0.035627
0 0.381421 0.088437 0.036116 0.046366
0 0.371240 0.399174 0.039936 0.037163
0 0.709932 0.868250 0.031567 0.073500
0 0.067917 0.515174 0.047646 0.036541
0 0.083626 0.473542 0.037694 0.035009
0 0.727376 0.946258 0.026310 0.085049
1 0.150740 0.465321 0.084268 0.054385
0 0.202113 0.517465 0.040279 0.038800
0 0.326898 0.516540 0.039412 0.039364
0 0.345228 0.478674 0.045978 0.040168
0 0.230628 0.482197 0.036158 0.034837
0 0.665817 0.950246 0.033088 0.088207
0 0.774403 0.850078 0.033523 0.084846
0 0.036147 0.203405 0.041782 0.051981
0 0.804931 0.930995 0.031423 0.083510
0 0.019955 0.480231 0.039878 0.047963
0 0.876267 0.925358 0.032498 0.080064
