0 0.734315 0.497558 0.043873 0.035325
0 0.784628 0.498957 0.048267 0.039223
0 0.674757 0.490418 0.046609 0.038486
0 0.848154 0.496087 0.043173 0.038885
1 0.150988 0.471488 0.086154 0.062796
0 0.367920 0.518828 0.047688 0.036170
0 0.917445 0.503859 0.039624 0.034809
0 0.625662 0.486915 0.040990 0.037197
0 0.286028 0.483313 0.040929 0.035499
0 0.066381 0.518275 0.045109 0.036394
0 0.978773 0.620011 0.041410 0.038124
0 0.481253 0.522040 0.044255 0.040215
0 0.709590 0.868127 0.032276 0.075142
0 0.379205 0.088668 0.036371 0.048872
0 0.081587 0.476665 0.036910 0.035282
4 0.285355 0.483915 0.041612 0.036594
0 0.020461 0.477574 0.040881 0.036455
0 0.666260 0.951052 0.032023 0.085357
0 0.804749 0.931016 0.031297 0.083729
0 0.774075 0.850349 0.033349 0.085136
0 0.243596 0.522200 0.042485 0.033570
