0 0.791155 0.501392 0.047824 0.039110
0 0.724070 0.541998 0.042698 0.038695
1 0.159384 0.464770 0.082454 0.056512
0 0.854574 0.500570 0.041476 0.038009
0 0.333731 0.515211 0.038811 0.041723
0 0.741481 0.501935 0.043265 0.036616
0 0.378377 0.400207 0.042073 0.036922
0 0.924796 0.507862 0.041163 0.039643
0 0.387411 0.089062 0.036580 0.046677
0 0.417251 0.558600 0.045855 0.049836
0 0.682444 0.492190 0.045075 0.036397
0 0.633022 0.489688 0.042362 0.036025
0 0.714679 0.868741 0.032223 0.076199
0 0.810615 0.935210 0.031672 0.078704
0 0.982490 0.623298 0.034081 0.037166
0 0.289694 0.493307 0.048656 0.058468
0 0.092112 0.472406 0.038827 0.035242
0 0.224139 0.482386 0.062341 0.038937
0 0.352133 0.479255 0.045146 0.036402
0 0.208302 0.514803 0.037214 0.034075
0 0.673332 0.950952 0.030721 0.085955
4 0.028518 0.620302 0.042866 0.067389
0 0.238624 0.482613 0.032793 0.035882
