0 0.670844 0.488611 0.045620 0.038440
0 0.731026 0.495585 0.046432 0.035877
0 0.373984 0.088330 0.035654 0.044969
0 0.976619 0.615415 0.045645 0.040500
0 0.913359 0.499159 0.041865 0.037436
0 0.620185 0.486578 0.043065 0.037269
0 0.549484 0.525302 0.037216 0.037162
0 0.770774 0.530564 0.046648 0.041906
0 0.843232 0.495054 0.043340 0.035096
0 0.724300 0.945006 0.027070 0.084563
0 0.037447 0.478698 0.037728 0.036921
0 0.223235 0.483523 0.039180 0.034427
0 0.662759 0.948720 0.030242 0.086108
0 0.780259 0.495531 0.046914 0.040611
0 0.464144 0.516884 0.044751 0.040732
0 0.293332 0.522712 0.047905 0.032170
0 0.284738 0.481576 0.043090 0.035761
4 0.118603 0.490847 0.133201 0.098981
0 0.364884 0.401374 0.041046 0.036597
0 0.990514 0.540254 0.018312 0.042214
0 0.705895 0.865882 0.031495 0.073639
0 0.973025 0.501539 0.045718 0.043885
