0 0.785030 0.498986 0.047556 0.039468
0 0.675208 0.490852 0.045959 0.037931
0 0.734271 0.498233 0.043867 0.035892
1 0.150899 0.470115 0.086365 0.060016
0 0.624819 0.487121 0.040597 0.036896
0 0.847718 0.496699 0.042726 0.038729
0 0.917665 0.504193 0.038992 0.033783
0 0.286465 0.483720 0.042679 0.038349
0 0.066920 0.518194 0.045219 0.036464
0 0.447422 0.519026 0.041789 0.038822
0 0.978759 0.619707 0.041441 0.038370
0 0.378892 0.089237 0.036387 0.046303
0 0.081949 0.477313 0.035469 0.035943
0 0.709682 0.869311 0.031970 0.074976
0 0.343203 0.477934 0.048515 0.038396
0 0.370000 0.401240 0.039949 0.036153
0 0.665933 0.951222 0.032842 0.086289
0 0.804718 0.931384 0.031639 0.083194
0 0.228301 0.488121 0.038927 0.046017
0 0.034447 0.205976 0.044198 0.052711
0 0.020361 0.477951 0.040648 0.036092
0 0.774339 0.851147 0.033716 0.085621
