0 0.790712 0.502394 0.047492 0.037731
0 0.681580 0.493453 0.044666 0.037038
0 0.924057 0.507501 0.040661 0.039472
1 0.158375 0.466389 0.082087 0.055109
0 0.333888 0.516764 0.039618 0.039531
0 0.386783 0.089585 0.035931 0.046586
0 0.854035 0.501302 0.042455 0.038753
0 0.741107 0.500842 0.043937 0.035208
0 0.632138 0.490210 0.042514 0.036018
0 0.075605 0.515427 0.047357 0.038659
0 0.808049 0.544564 0.046194 0.039022
0 0.810412 0.935125 0.031789 0.079583
0 0.377616 0.401184 0.041363 0.035695
0 0.982083 0.623820 0.034821 0.042551
0 0.236092 0.483407 0.038701 0.035643
0 0.089528 0.473467 0.035598 0.035923
0 0.290474 0.497309 0.049147 0.067018
0 0.206730 0.517734 0.036688 0.036702
0 0.672560 0.950343 0.029525 0.087213
