0 0.179621 0.484951 0.044002 0.036396
0 0.112061 0.483175 0.038293 0.034142
0 0.358067 0.397580 0.040614 0.036888
0 0.820263 0.490346 0.036805 0.034079
0 0.970998 0.610831 0.054447 0.041888
0 0.286806 0.509840 0.046238 0.044035
0 0.244530 0.480240 0.037679 0.038724
0 0.760959 0.840166 0.034709 0.086359
0 0.038290 0.480176 0.043417 0.036514
0 0.497592 0.497384 0.040810 0.045405
0 0.448169 0.561123 0.032646 0.059181
4 0.659987 0.473970 0.082699 0.057279
0 0.020238 0.518245 0.040236 0.035899
1 0.658036 0.475900 0.083833 0.055845
