0 0.603361 0.522823 0.044197 0.042560
0 0.402281 0.512902 0.045299 0.036307
0 0.733051 0.493764 0.045573 0.035289
0 0.914014 0.496853 0.041836 0.036805
0 0.846123 0.491702 0.042124 0.036462
0 0.621404 0.484791 0.041443 0.037862
0 0.672034 0.485230 0.045668 0.040174
0 0.977977 0.612524 0.042950 0.042533
0 0.783092 0.492212 0.045687 0.036272
0 0.366471 0.398307 0.041050 0.036041
0 0.374532 0.086091 0.035605 0.045718
0 0.725433 0.940046 0.028288 0.086560
0 0.707884 0.861534 0.032752 0.080047
1 0.146472 0.466658 0.086457 0.056519
0 0.339784 0.476762 0.047858 0.041481
0 0.280905 0.481418 0.039993 0.037353
0 0.224764 0.482199 0.037183 0.035347
0 0.101646 0.516741 0.033235 0.037388
0 0.218748 0.480508 0.048990 0.036203
0 0.272161 0.519616 0.045901 0.037810
1 0.745284 0.680985 0.023808 0.068524
0 0.044300 0.512849 0.041547 0.035618
0 0.664748 0.947480 0.032343 0.083000
0 0.802872 0.925717 0.032124 0.083424
0 0.017493 0.477622 0.034985 0.038021
0 0.778726 0.533526 0.046998 0.043677
0 0.332478 0.478952 0.037701 0.033220
