0 0.676473 0.490318 0.045667 0.038838
0 0.785610 0.498848 0.049242 0.040080
0 0.735215 0.498933 0.042994 0.037989
0 0.979314 0.619646 0.040576 0.040181
1 0.152532 0.466895 0.086613 0.059037
0 0.849092 0.497315 0.043139 0.039158
0 0.918594 0.503626 0.038538 0.032905
0 0.371573 0.399569 0.039692 0.038171
0 0.381951 0.087801 0.035783 0.046689
0 0.627123 0.487719 0.041113 0.034372
0 0.726709 0.945510 0.027827 0.086032
0 0.710692 0.868293 0.030901 0.072406
0 0.203124 0.516446 0.040731 0.037311
0 0.068983 0.515293 0.048344 0.035916
0 0.036672 0.204436 0.042294 0.054288
0 0.804786 0.930999 0.031826 0.084129
0 0.327353 0.517301 0.039378 0.037258
0 0.083084 0.471626 0.035278 0.031221
0 0.345065 0.479076 0.045764 0.041284
0 0.230640 0.481617 0.036681 0.037572
0 0.287576 0.484150 0.038840 0.039800
0 0.774242 0.850179 0.033483 0.086058
0 0.876579 0.926078 0.032185 0.078902
0 0.273124 0.517648 0.045837 0.036852
