0 0.777290 0.498994 0.047015 0.038114
0 0.839767 0.496482 0.042684 0.042081
0 0.363333 0.402356 0.040174 0.034211
0 0.231310 0.484994 0.054318 0.043784
0 0.618163 0.487535 0.041444 0.038041
0 0.911312 0.501180 0.039779 0.032794
0 0.728546 0.499265 0.045113 0.037414
0 0.087776 0.490745 0.044931 0.040468
0 0.372303 0.090833 0.035783 0.047329
0 0.974347 0.620584 0.050028 0.037876
4 0.694862 0.544400 0.100457 0.081669
0 0.798487 0.929273 0.032963 0.081795
0 0.660303 0.950104 0.032990 0.087418
0 0.667782 0.491162 0.043974 0.034792
