0 0.677136 0.491448 0.044989 0.038278
1 0.154157 0.466329 0.082755 0.056861
0 0.849323 0.498442 0.042052 0.039984
0 0.382757 0.088730 0.035389 0.048506
0 0.627609 0.488385 0.041461 0.034883
0 0.979206 0.622074 0.040376 0.038077
0 0.735479 0.499007 0.044136 0.034904
0 0.784359 0.500109 0.051390 0.040039
0 0.039627 0.203013 0.043754 0.054866
0 0.919938 0.505183 0.039020 0.032918
0 0.372463 0.399986 0.039098 0.036471
0 0.070234 0.515664 0.046695 0.034832
0 0.288695 0.483712 0.036242 0.035554
0 0.274776 0.517246 0.046037 0.036774
0 0.711385 0.868430 0.029773 0.078004
0 0.804440 0.931471 0.032719 0.085440
0 0.231594 0.481866 0.039116 0.037609
0 0.087295 0.475013 0.041748 0.036931
0 0.727653 0.948178 0.027507 0.084820
0 0.346508 0.479164 0.043319 0.039203
0 0.875984 0.924972 0.034820 0.080501
4 0.024568 0.621918 0.046989 0.068964
0 0.775339 0.851037 0.033179 0.087236
