0 0.676512 0.491031 0.045273 0.038184
0 0.785557 0.499435 0.047771 0.039934
0 0.735066 0.498488 0.043692 0.036064
0 0.978813 0.619718 0.041648 0.042012
0 0.917950 0.504068 0.039082 0.033989
0 0.626467 0.488106 0.041245 0.035452
0 0.848793 0.497820 0.042626 0.038436
1 0.152066 0.465800 0.084718 0.055190
0 0.371449 0.399728 0.039615 0.037615
0 0.036419 0.204571 0.041578 0.054551
0 0.069009 0.515806 0.047094 0.035221
0 0.381691 0.088058 0.036242 0.047303
0 0.345616 0.478851 0.045212 0.041120
0 0.286771 0.486429 0.036745 0.041111
0 0.709386 0.868115 0.032457 0.075237
0 0.202007 0.517101 0.040281 0.038070
0 0.083600 0.474047 0.036949 0.034954
0 0.274624 0.517742 0.048437 0.036540
0 0.665541 0.950001 0.032422 0.087524
0 0.727586 0.946723 0.025846 0.084067
0 0.327286 0.515684 0.040149 0.039276
0 0.230329 0.482893 0.036624 0.035123
0 0.804750 0.931343 0.030954 0.082579
