0 0.655557 0.478032 0.048376 0.039077
0 0.460199 0.476396 0.045120 0.036522
0 0.254770 0.508652 0.045786 0.041710
0 0.971682 0.606715 0.055309 0.042784
0 0.326280 0.508064 0.044129 0.044585
0 0.887114 0.490929 0.049003 0.038458
0 0.762194 0.834601 0.036030 0.088587
0 0.014456 0.619764 0.028544 0.069327
0 0.025176 0.494348 0.050143 0.073485
0 0.236424 0.468137 0.035421 0.034734
0 0.359481 0.393835 0.038995 0.036590
0 0.792887 0.914927 0.032689 0.082185
0 0.698844 0.853028 0.033411 0.079421
0 0.367836 0.084345 0.037412 0.051357
