0 0.728768 0.498866 0.045024 0.036496
0 0.669505 0.491475 0.044995 0.038003
0 0.777767 0.498855 0.047941 0.038377
0 0.076111 0.488759 0.038832 0.034689
0 0.321268 0.484572 0.052650 0.044328
0 0.373061 0.091564 0.036011 0.045096
0 0.363681 0.402831 0.040165 0.033342
0 0.911385 0.501158 0.041306 0.033850
0 0.794664 0.538090 0.048823 0.038258
0 0.975063 0.619649 0.048843 0.039811
4 0.567313 0.517260 0.092968 0.076873
0 0.841374 0.495901 0.040879 0.039065
0 0.182377 0.487624 0.042499 0.037273
1 0.568357 0.518051 0.093120 0.074153
0 0.767621 0.849372 0.035427 0.089058
0 0.660547 0.949866 0.032790 0.087559
0 0.799101 0.931252 0.033638 0.082320
0 0.027551 0.207739 0.042704 0.054793
