0 0.676510 0.491069 0.045033 0.037798
0 0.784769 0.499271 0.048405 0.039873
0 0.734683 0.498448 0.043962 0.035927
0 0.848101 0.498276 0.042747 0.038187
0 0.625691 0.487312 0.040329 0.036658
0 0.917942 0.503615 0.038814 0.033873
0 0.381164 0.088354 0.036051 0.046652
0 0.082827 0.474749 0.035494 0.039040
0 0.068057 0.516824 0.046647 0.035827
0 0.709355 0.868349 0.031765 0.074895
0 0.370579 0.400215 0.039574 0.036957
0 0.230518 0.483841 0.035341 0.035202
0 0.665906 0.951008 0.031573 0.086432
0 0.036294 0.204142 0.042262 0.053604
0 0.804229 0.931223 0.031536 0.083703
0 0.201411 0.519801 0.040973 0.041255
1 0.149978 0.466346 0.083672 0.054618
0 0.020614 0.483337 0.041201 0.052687
0 0.344169 0.479212 0.045758 0.040304
0 0.325863 0.514980 0.037320 0.040515
0 0.978998 0.618427 0.040978 0.044107
0 0.727485 0.946755 0.026228 0.087323
