0 0.672547 0.479466 0.046564 0.039035
0 0.413020 0.474880 0.044235 0.035388
0 0.733847 0.483171 0.045486 0.037929
0 0.862969 0.484835 0.048580 0.040622
0 0.606178 0.477494 0.045740 0.036147
0 0.802478 0.488238 0.046969 0.039125
0 0.973388 0.605698 0.051908 0.041280
0 0.362557 0.392294 0.041054 0.035482
0 0.330184 0.505605 0.042934 0.043657
0 0.358974 0.470834 0.047603 0.035630
0 0.498695 0.542231 0.036332 0.050980
0 0.246432 0.466007 0.044668 0.036983
0 0.252487 0.490330 0.048444 0.068794
0 0.307976 0.472859 0.040894 0.033148
0 0.024609 0.495210 0.048626 0.066764
0 0.187684 0.465064 0.033295 0.039342
0 0.700570 0.851043 0.030950 0.076888
0 0.027871 0.201051 0.044582 0.052560
0 0.256431 0.502174 0.044947 0.045839
0 0.370857 0.084239 0.036188 0.047541
