0 0.483137 0.483926 0.036447 0.035600
0 0.762078 0.504286 0.046473 0.034816
0 0.388056 0.399971 0.039147 0.036133
0 0.398234 0.088210 0.035427 0.046107
0 0.927269 0.512737 0.047522 0.037488
4 0.330595 0.469066 0.084231 0.061586
0 0.727947 0.873471 0.032562 0.078183
0 0.290301 0.518443 0.043896 0.036226
0 0.218067 0.514875 0.041948 0.039015
4 0.038362 0.618078 0.043777 0.070125
1 0.329756 0.470694 0.083833 0.062091
0 0.026443 0.511419 0.048346 0.042182
0 0.344180 0.521416 0.042650 0.033958
0 0.081260 0.482750 0.057516 0.062828
0 0.193764 0.470981 0.034617 0.031758
