0 0.676374 0.491852 0.045002 0.037819
0 0.784781 0.499783 0.048573 0.039586
0 0.734252 0.498845 0.043801 0.035507
0 0.625943 0.487660 0.039760 0.036306
0 0.917866 0.504064 0.039011 0.034245
0 0.848240 0.498525 0.042667 0.038336
0 0.380950 0.088946 0.035778 0.046596
1 0.150768 0.466478 0.083459 0.053891
0 0.231158 0.483799 0.034150 0.034970
0 0.370621 0.400956 0.039376 0.036796
0 0.020853 0.484691 0.041701 0.054529
0 0.709626 0.869890 0.031720 0.075044
0 0.804491 0.931554 0.031271 0.084130
0 0.035990 0.205614 0.042937 0.050552
0 0.286473 0.490874 0.039940 0.048704
0 0.068671 0.518992 0.046183 0.033347
0 0.978905 0.616985 0.041311 0.047854
0 0.201687 0.519626 0.040622 0.039757
0 0.275389 0.518437 0.051850 0.037714
0 0.082886 0.475058 0.036074 0.037886
0 0.021548 0.476235 0.043095 0.035945
0 0.665889 0.951015 0.031912 0.085932
0 0.328086 0.519791 0.041624 0.035759
0 0.021131 0.623346 0.042020 0.073690
0 0.341853 0.477419 0.046245 0.036321
