0 0.673276 0.484047 0.047047 0.037715
0 0.863143 0.491095 0.047181 0.038188
0 0.734194 0.488893 0.046289 0.039283
0 0.802005 0.493717 0.046929 0.036170
0 0.414375 0.478333 0.041852 0.032888
0 0.606091 0.479964 0.046428 0.040814
0 0.308554 0.475466 0.043879 0.034919
0 0.452255 0.468443 0.035964 0.044341
0 0.330775 0.509175 0.043182 0.043582
0 0.358543 0.476551 0.049120 0.035740
0 0.371863 0.086583 0.034940 0.044780
0 0.972925 0.611664 0.053308 0.042942
0 0.935080 0.499844 0.044350 0.036847
0 0.245573 0.470536 0.043929 0.035280
0 0.258935 0.508686 0.046132 0.041157
0 0.188686 0.469328 0.032718 0.035117
0 0.363561 0.396719 0.040889 0.037443
4 0.017579 0.619939 0.035014 0.069847
