1 0.160129 0.465428 0.083203 0.057885
0 0.791126 0.501426 0.048483 0.038567
0 0.378274 0.399484 0.041266 0.037075
0 0.741690 0.501622 0.043159 0.037543
0 0.854716 0.500714 0.041573 0.036461
0 0.334369 0.516571 0.039167 0.040641
0 0.924782 0.508019 0.040996 0.039235
0 0.406022 0.550328 0.044343 0.045146
0 0.700810 0.541326 0.043463 0.041747
0 0.683220 0.491460 0.044579 0.035444
0 0.387634 0.088737 0.036706 0.046807
0 0.632955 0.488981 0.042143 0.035749
0 0.810940 0.935021 0.032887 0.079822
0 0.982634 0.623243 0.033761 0.037294
0 0.093426 0.472433 0.042852 0.035312
0 0.353113 0.478867 0.043153 0.041198
0 0.208433 0.513842 0.036086 0.032922
0 0.289360 0.497841 0.052764 0.069531
0 0.715352 0.868949 0.031366 0.075368
0 0.224462 0.481775 0.061318 0.038430
0 0.239001 0.482284 0.031794 0.035141
