0 0.676231 0.491336 0.044727 0.037992
0 0.784610 0.499343 0.047986 0.039360
0 0.734377 0.498990 0.044150 0.035839
0 0.625062 0.487776 0.040282 0.035694
0 0.366099 0.517478 0.043502 0.043951
0 0.918034 0.503160 0.038214 0.033167
1 0.150310 0.468214 0.084222 0.055303
0 0.847701 0.498004 0.042668 0.037918
0 0.978836 0.619983 0.041238 0.038790
0 0.287201 0.502280 0.044873 0.075231
0 0.067044 0.518632 0.045480 0.035141
0 0.229896 0.483526 0.035245 0.034587
0 0.709704 0.869323 0.031693 0.075217
0 0.082553 0.476399 0.035205 0.036943
0 0.369396 0.400386 0.039355 0.037910
0 0.379222 0.089970 0.035677 0.044964
0 0.338701 0.478407 0.045107 0.041310
0 0.804408 0.931620 0.031457 0.084104
0 0.034273 0.207332 0.041194 0.048804
0 0.020752 0.478868 0.041417 0.037936
0 0.727335 0.947634 0.025678 0.085860
0 0.976145 0.507760 0.044789 0.040644
0 0.201410 0.519681 0.041914 0.039582
0 0.666023 0.951273 0.032095 0.085941
