1 0.146461 0.469322 0.082468 0.061737
0 0.732640 0.495652 0.043872 0.033346
0 0.672612 0.487163 0.047568 0.040764
0 0.846685 0.493985 0.040967 0.035817
0 0.783311 0.494820 0.046711 0.036863
0 0.647715 0.524099 0.045563 0.041163
0 0.376126 0.087059 0.035814 0.044169
0 0.915550 0.498337 0.040288 0.036363
0 0.058085 0.519133 0.047293 0.041605
0 0.284673 0.481294 0.040870 0.035463
0 0.367469 0.399332 0.039746 0.036152
0 0.978447 0.615408 0.041936 0.039715
0 0.708799 0.864374 0.033173 0.076586
0 0.622717 0.483530 0.039214 0.037148
0 0.798967 0.533734 0.044388 0.036207
0 0.226735 0.481846 0.034778 0.034939
0 0.726974 0.942150 0.027041 0.083471
0 0.664883 0.950345 0.031595 0.085844
0 0.453348 0.518692 0.041059 0.038029
0 0.803940 0.928228 0.030864 0.083537
0 0.078725 0.474487 0.041443 0.036929
0 0.324387 0.512972 0.046200 0.044776
0 0.773360 0.845471 0.037505 0.090562
0 0.795202 0.532094 0.051026 0.047035
0 0.030521 0.205618 0.043031 0.053401
4 0.958919 0.456670 0.056242 0.048725
