0 0.732343 0.494163 0.043917 0.034884
0 0.645505 0.523714 0.047786 0.038308
0 0.846078 0.491299 0.042118 0.036905
0 0.671508 0.485920 0.045673 0.039653
0 0.914167 0.497201 0.041741 0.036778
0 0.439563 0.513449 0.047380 0.036300
0 0.782149 0.492504 0.047806 0.037905
0 0.824246 0.533059 0.043034 0.040319
0 0.619509 0.484686 0.042451 0.040633
0 0.977902 0.612669 0.043053 0.042490
0 0.366571 0.397753 0.042535 0.036387
1 0.145606 0.466972 0.083960 0.057407
0 0.225771 0.481904 0.034970 0.034901
0 0.725032 0.940040 0.028727 0.087735
0 0.304463 0.517481 0.043492 0.040462
0 0.281851 0.479033 0.037499 0.035035
0 0.374662 0.086066 0.035641 0.045786
0 0.707687 0.861630 0.033170 0.080975
0 0.664665 0.947729 0.031262 0.083244
0 0.018454 0.476397 0.036777 0.040228
0 0.803096 0.925987 0.031649 0.082588
1 0.745241 0.679893 0.023574 0.069821
0 0.214658 0.481632 0.057626 0.035465
0 0.338946 0.477672 0.047343 0.038892
