0 0.819801 0.503578 0.049941 0.038822
0 0.751797 0.502320 0.046108 0.036471
0 0.689997 0.494361 0.046001 0.036932
0 0.386085 0.399969 0.038048 0.036576
0 0.474699 0.425747 0.022285 0.052799
0 0.055412 0.200859 0.045200 0.053570
0 0.987888 0.629120 0.023349 0.039360
0 0.084905 0.512047 0.047346 0.036846
0 0.640150 0.488458 0.039466 0.033859
4 0.168789 0.464348 0.083981 0.057926
0 0.724574 0.872017 0.030925 0.077239
0 0.271483 0.553385 0.041743 0.034991
4 0.037431 0.617807 0.043963 0.069943
4 0.973252 0.466938 0.050426 0.051726
