0 0.733759 0.482456 0.045226 0.038842
0 0.417027 0.474311 0.041289 0.035964
0 0.863151 0.484413 0.049024 0.040446
0 0.672650 0.478598 0.045975 0.036890
0 0.802148 0.488096 0.047070 0.038977
0 0.973575 0.604479 0.051548 0.040488
0 0.359122 0.470026 0.046678 0.035206
0 0.362196 0.391943 0.040817 0.036015
0 0.328908 0.504482 0.042120 0.037388
0 0.605978 0.476164 0.045143 0.036119
0 0.026082 0.494451 0.048846 0.068666
1 0.617339 0.660700 0.021326 0.063733
0 0.187438 0.466417 0.032639 0.037712
0 0.308118 0.471944 0.041539 0.033753
0 0.251175 0.485859 0.051323 0.076294
0 0.246776 0.465671 0.046203 0.036081
0 0.027873 0.201378 0.045676 0.054106
0 0.700594 0.850554 0.031020 0.077221
0 0.096274 0.493636 0.096920 0.076417
