0 0.804558 0.501633 0.047176 0.037602
0 0.691398 0.492724 0.043584 0.037211
0 0.751527 0.501511 0.045298 0.037723
0 0.386837 0.398591 0.040571 0.036742
0 0.640510 0.488446 0.040265 0.035689
0 0.988250 0.626031 0.022603 0.041025
0 0.395834 0.087644 0.035054 0.045320
0 0.821591 0.938008 0.032371 0.080134
0 0.055202 0.199750 0.045808 0.052572
0 0.100663 0.469195 0.039840 0.034312
1 0.168511 0.464992 0.082033 0.065795
0 0.725263 0.871552 0.031021 0.079797
0 0.964171 0.508885 0.047326 0.044130
0 0.084351 0.511287 0.045210 0.037569
