0 0.413103 0.475310 0.043187 0.035614
0 0.672752 0.479962 0.046077 0.038563
0 0.733923 0.484674 0.045179 0.041753
0 0.863154 0.485246 0.047788 0.040656
0 0.607089 0.477314 0.043505 0.036500
0 0.802707 0.488911 0.047291 0.039208
0 0.359424 0.472370 0.048007 0.036752
0 0.329864 0.507057 0.043208 0.044064
0 0.973188 0.607689 0.051477 0.039531
0 0.308393 0.473418 0.041968 0.034656
0 0.564052 0.519389 0.037578 0.041030
0 0.370787 0.085192 0.036079 0.045328
0 0.362716 0.393243 0.041255 0.035798
0 0.795609 0.916609 0.033367 0.080124
0 0.027464 0.202324 0.044615 0.053962
0 0.700337 0.852010 0.031486 0.076551
0 0.254766 0.499578 0.049529 0.053113
0 0.024781 0.495632 0.049464 0.066879
0 0.246096 0.465984 0.043880 0.035071
0 0.964633 0.497495 0.061671 0.042256
0 0.187502 0.466508 0.033405 0.037667
