0 0.667457 0.488698 0.046574 0.038702
0 0.616929 0.486236 0.043140 0.039754
0 0.839478 0.494968 0.042203 0.039337
0 0.109033 0.484573 0.050199 0.044434
0 0.974589 0.617196 0.049352 0.038904
0 0.363300 0.401156 0.040619 0.036247
0 0.910123 0.499104 0.038588 0.034476
0 0.371286 0.090317 0.035007 0.046599
0 0.798448 0.930119 0.032087 0.076445
0 0.777682 0.496616 0.048024 0.038690
0 0.970141 0.502908 0.046125 0.039595
0 0.702527 0.864033 0.031491 0.076267
0 0.727917 0.495938 0.044068 0.035890
0 0.952442 0.456327 0.059992 0.047637
0 0.755100 0.536780 0.100506 0.084953
