0 0.678325 0.491991 0.045720 0.037789
0 0.738445 0.499456 0.045362 0.038379
0 0.788811 0.500112 0.047041 0.039535
0 0.374586 0.399777 0.039732 0.038068
0 0.851521 0.499343 0.042301 0.039898
0 0.627669 0.488313 0.038656 0.034311
0 0.384134 0.088740 0.035399 0.046222
1 0.155477 0.465891 0.083198 0.057795
0 0.921305 0.505930 0.040517 0.035365
0 0.980484 0.623268 0.037912 0.038880
0 0.712601 0.868102 0.030078 0.075556
0 0.331337 0.518412 0.041076 0.035855
0 0.071582 0.516165 0.045990 0.034465
0 0.347788 0.478006 0.046245 0.040621
0 0.806567 0.931177 0.032641 0.086400
0 0.042014 0.203225 0.045528 0.054207
4 0.024465 0.621450 0.044668 0.068425
0 0.287586 0.481399 0.036754 0.036189
0 0.877718 0.926051 0.039295 0.080601
0 0.851101 0.932345 0.033473 0.087523
0 0.086754 0.472466 0.037941 0.032941
1 0.675653 0.845900 0.028131 0.085488
1 0.775974 0.686882 0.024126 0.061357
