0 0.768985 0.492970 0.047989 0.038842
0 0.666368 0.494012 0.044976 0.035455
0 0.544919 0.483623 0.044782 0.036564
0 0.905267 0.497061 0.041571 0.037430
0 0.341842 0.485091 0.046058 0.037605
0 0.359821 0.400278 0.040087 0.037093
0 0.808512 0.532005 0.103517 0.071178
0 0.972934 0.613182 0.053123 0.040313
0 0.793916 0.922457 0.033178 0.087248
0 0.700490 0.863382 0.031136 0.074193
0 0.838318 0.925081 0.033521 0.087535
0 0.368644 0.089733 0.036960 0.047070
4 0.808223 0.531461 0.102818 0.070076
0 0.866831 0.916478 0.032317 0.076540
