0 0.779182 0.495288 0.049677 0.038138
0 0.473639 0.522735 0.036714 0.035723
0 0.374083 0.087962 0.035280 0.044852
0 0.620417 0.485573 0.044611 0.041125
0 0.281910 0.483927 0.039821 0.037917
0 0.730679 0.496102 0.044070 0.034556
0 0.977040 0.614814 0.044753 0.039448
0 0.400607 0.514876 0.043842 0.034771
0 0.843558 0.494415 0.042496 0.036498
0 0.685794 0.529581 0.046440 0.041774
0 0.724739 0.943875 0.026565 0.085327
0 0.364917 0.400777 0.040672 0.036106
0 0.670650 0.488843 0.046212 0.039976
0 0.662527 0.948329 0.030917 0.086868
0 0.232409 0.521741 0.050774 0.037820
0 0.338284 0.478846 0.047348 0.040568
0 0.706382 0.864916 0.031283 0.074236
0 0.065411 0.476991 0.037347 0.036452
0 0.801573 0.928182 0.032679 0.086878
0 0.223754 0.484272 0.041702 0.037227
