0 0.728286 0.499651 0.044526 0.037579
0 0.777594 0.499487 0.046475 0.038600
0 0.884041 0.541630 0.049703 0.040382
0 0.668295 0.490722 0.046412 0.037603
0 0.033296 0.490426 0.040364 0.038506
0 0.289672 0.485251 0.052260 0.042989
0 0.363546 0.402090 0.040575 0.034799
0 0.840115 0.496728 0.042134 0.041362
0 0.974406 0.620947 0.049776 0.036394
1 0.629215 0.526610 0.097144 0.078597
0 0.372333 0.091304 0.036528 0.045818
4 0.628749 0.525048 0.097193 0.084663
0 0.911308 0.501432 0.039902 0.033046
0 0.145026 0.489567 0.044537 0.033477
0 0.799338 0.932331 0.032899 0.078536
0 0.660629 0.950152 0.032832 0.086649
