0 0.563737 0.523197 0.044584 0.040491
0 0.731435 0.494745 0.044744 0.035172
0 0.913526 0.497382 0.042332 0.036874
0 0.844077 0.492375 0.043646 0.036137
0 0.671158 0.487536 0.046150 0.039954
0 0.376431 0.519393 0.035742 0.037598
0 0.620658 0.484663 0.044721 0.038810
0 0.977226 0.614404 0.044249 0.040595
0 0.074733 0.476165 0.037242 0.036311
0 0.374074 0.087675 0.035557 0.045454
0 0.280921 0.481939 0.042426 0.036776
0 0.365678 0.400255 0.042450 0.035840
0 0.725765 0.942866 0.025830 0.084907
0 0.223534 0.483002 0.037484 0.034357
1 0.145260 0.469025 0.085034 0.057669
0 0.781094 0.523734 0.048066 0.058053
0 0.314294 0.509868 0.041831 0.040677
0 0.781274 0.510810 0.048413 0.074062
0 0.664063 0.948636 0.031275 0.086005
0 0.706269 0.864578 0.031498 0.075440
4 0.017268 0.624937 0.034503 0.072294
0 0.769017 0.846292 0.037819 0.093712
0 0.780649 0.492928 0.047167 0.035525
0 0.781699 0.531004 0.049022 0.036948
0 0.801722 0.927380 0.032876 0.084732
