0 0.413259 0.476219 0.042758 0.035530
0 0.673893 0.481145 0.048762 0.037090
0 0.863079 0.488201 0.047421 0.037488
0 0.605329 0.479999 0.046683 0.039244
0 0.802205 0.491123 0.046975 0.037280
0 0.362850 0.394068 0.040626 0.038660
0 0.308633 0.473916 0.043556 0.035329
0 0.329995 0.508599 0.043190 0.043546
0 0.359272 0.473117 0.047939 0.036404
0 0.370988 0.086290 0.035169 0.044321
0 0.973061 0.608607 0.052786 0.041708
0 0.700362 0.853354 0.031577 0.076114
0 0.733602 0.513473 0.045232 0.059339
0 0.733690 0.501682 0.046162 0.073937
0 0.937800 0.497881 0.044256 0.040661
0 0.245955 0.465942 0.045568 0.034067
0 0.025844 0.497522 0.048359 0.066586
0 0.253683 0.489129 0.051968 0.076276
0 0.795716 0.918046 0.033071 0.081788
0 0.257741 0.504667 0.045308 0.045890
0 0.472583 0.490178 0.024186 0.047436
