0 0.675545 0.491495 0.045118 0.037847
0 0.784576 0.499301 0.047775 0.039430
0 0.734436 0.498767 0.044186 0.035874
0 0.625122 0.487610 0.041034 0.036997
0 0.917804 0.503288 0.038812 0.033582
0 0.847470 0.497682 0.042156 0.037873
1 0.151196 0.470826 0.086631 0.061185
0 0.978777 0.619889 0.041401 0.038304
0 0.303093 0.521756 0.041952 0.033993
0 0.067236 0.518511 0.045365 0.035866
0 0.379111 0.089889 0.035873 0.045508
0 0.082275 0.477225 0.035467 0.035278
0 0.370607 0.400272 0.041860 0.037205
0 0.287138 0.482562 0.039475 0.034962
0 0.229156 0.483653 0.035549 0.034628
0 0.709562 0.869569 0.031860 0.077181
0 0.034940 0.205987 0.043635 0.052188
0 0.804294 0.931550 0.031444 0.084374
0 0.342340 0.481219 0.047636 0.042352
0 0.666440 0.951523 0.030259 0.083561
0 0.020517 0.479231 0.040940 0.037258
