0 0.447861 0.483976 0.036141 0.034484
0 0.729893 0.503936 0.045819 0.035008
0 0.890089 0.506929 0.050007 0.041664
0 0.387702 0.400181 0.039097 0.036278
0 0.345765 0.518008 0.046827 0.037227
4 0.306259 0.486825 0.086008 0.100164
0 0.176374 0.471204 0.034321 0.033231
0 0.397919 0.088137 0.035343 0.046760
0 0.070982 0.469968 0.056427 0.040200
0 0.727882 0.873268 0.033010 0.078594
0 0.025999 0.511713 0.048260 0.042151
0 0.086158 0.511833 0.041369 0.037534
4 0.038839 0.618257 0.045076 0.070274
0 0.218521 0.514344 0.041986 0.039147
0 0.056851 0.200049 0.045389 0.051894
