0 0.744410 0.499085 0.043847 0.037012
0 0.794161 0.499944 0.050613 0.039346
0 0.685154 0.491082 0.046541 0.036894
0 0.858310 0.499719 0.041836 0.037736
0 0.929265 0.507288 0.038828 0.038733
0 0.635055 0.486699 0.039380 0.037813
0 0.261133 0.543523 0.047158 0.036520
0 0.380628 0.399035 0.039579 0.035807
0 0.984065 0.624228 0.031018 0.041776
1 0.162110 0.464446 0.082900 0.062692
0 0.373253 0.478295 0.047829 0.043455
0 0.736803 0.946374 0.025500 0.083071
0 0.092735 0.469029 0.035668 0.032306
0 0.552298 0.518119 0.039823 0.039398
0 0.079830 0.510637 0.046162 0.038152
0 0.675985 0.948548 0.030819 0.085750
1 0.855826 0.923174 0.038737 0.108593
0 0.814311 0.931141 0.032727 0.085056
0 0.387683 0.540999 0.047803 0.038857
1 0.782380 0.686707 0.024951 0.061321
0 0.338964 0.501468 0.042766 0.066276
1 0.675443 0.948083 0.030912 0.087917
