0 0.402136 0.484794 0.044267 0.040696
0 0.922050 0.543377 0.044013 0.038609
0 0.332984 0.521631 0.042431 0.041640
0 0.842470 0.575266 0.042629 0.041454
0 0.879103 0.503461 0.039374 0.035876
0 0.375127 0.402181 0.040851 0.034724
1 0.601963 0.480137 0.086027 0.071059
0 0.205667 0.521587 0.040823 0.035996
0 0.277633 0.521758 0.045115 0.038142
4 0.957438 0.484347 0.085123 0.088317
0 0.383744 0.090870 0.035904 0.047051
0 0.772905 0.531821 0.057403 0.038901
0 0.981960 0.623687 0.035142 0.043083
0 0.038281 0.206058 0.043109 0.052908
0 0.714299 0.871569 0.033297 0.077010
0 0.811661 0.936765 0.033153 0.082370
