0 0.672626 0.482451 0.045996 0.037788
0 0.414142 0.476426 0.044134 0.033629
0 0.863417 0.489180 0.046552 0.040121
0 0.606436 0.480593 0.045146 0.039694
0 0.734166 0.488094 0.045893 0.040350
0 0.802033 0.493111 0.046861 0.036403
0 0.308542 0.474769 0.043512 0.035548
0 0.882676 0.530638 0.042328 0.039864
0 0.357788 0.476914 0.048434 0.033376
0 0.454475 0.470240 0.035597 0.044219
0 0.330134 0.508824 0.042379 0.042978
0 0.371927 0.085758 0.035844 0.046953
0 0.935498 0.499532 0.043515 0.038748
0 0.973291 0.609982 0.052331 0.041510
0 0.363363 0.395837 0.040574 0.036949
0 0.245924 0.469543 0.044727 0.037383
0 0.188158 0.468813 0.034438 0.037606
0 0.258627 0.509390 0.043907 0.038231
0 0.252072 0.494164 0.050604 0.065424
0 0.026418 0.495961 0.052789 0.069289
0 0.700573 0.855549 0.031360 0.076557
