0 0.671956 0.480246 0.047551 0.038324
0 0.732604 0.484430 0.045313 0.040628
0 0.822325 0.489268 0.048532 0.038216
0 0.605403 0.477632 0.044915 0.038130
0 0.972503 0.606821 0.053891 0.040296
0 0.358421 0.472439 0.049822 0.037205
0 0.307536 0.474046 0.044472 0.035552
0 0.328984 0.508724 0.043458 0.040852
0 0.361928 0.393192 0.040009 0.036551
0 0.961505 0.493985 0.057935 0.039738
0 0.256593 0.507114 0.046098 0.044127
0 0.416451 0.567230 0.040088 0.056318
0 0.369710 0.087159 0.033545 0.045168
0 0.699533 0.852108 0.031125 0.076463
0 0.244781 0.465636 0.044832 0.033544
0 0.793964 0.915158 0.033776 0.083699
