0 0.779820 0.485088 0.045820 0.041652
0 0.688189 0.480689 0.046454 0.037121
0 0.605700 0.476837 0.044456 0.037446
0 0.382735 0.472020 0.044729 0.040337
0 0.971931 0.605982 0.054856 0.041718
0 0.360961 0.393029 0.040353 0.035258
0 0.311091 0.473981 0.041921 0.038434
0 0.762394 0.833509 0.036029 0.089008
4 0.946999 0.446375 0.056561 0.048591
0 0.078215 0.539714 0.043706 0.043287
0 0.250972 0.487825 0.051903 0.078116
0 0.698646 0.852889 0.031399 0.075807
0 0.324631 0.518761 0.049401 0.059907
0 0.247597 0.464828 0.047975 0.034704
0 0.947531 0.445949 0.057457 0.047626
