0 0.787870 0.498311 0.050211 0.041318
0 0.358941 0.481647 0.035923 0.036134
0 0.920934 0.510656 0.049015 0.040196
0 0.290141 0.518128 0.044075 0.037913
0 0.387524 0.400703 0.039811 0.034792
0 0.084898 0.511132 0.046735 0.036752
0 0.131363 0.472809 0.032908 0.033012
4 0.243088 0.464631 0.083847 0.066916
0 0.397007 0.088664 0.034890 0.046162
0 0.343601 0.517934 0.039785 0.037934
0 0.025343 0.515714 0.048874 0.037444
0 0.726896 0.873027 0.031844 0.079297
0 0.641604 0.500022 0.042837 0.031879
0 0.217578 0.512193 0.039261 0.040698
4 0.037890 0.618998 0.043849 0.069968
0 0.056274 0.200929 0.045534 0.052721
