0 0.389065 0.399599 0.040548 0.037684
0 0.399378 0.087643 0.035407 0.043522
0 0.082812 0.507382 0.047945 0.044098
0 0.476655 0.479494 0.052823 0.039260
0 0.669806 0.493202 0.035515 0.036872
4 0.097457 0.473523 0.094910 0.093244
0 0.990748 0.630097 0.017837 0.046499
0 0.292553 0.518727 0.047095 0.042107
0 0.826283 0.945256 0.033212 0.086427
1 0.878470 0.498538 0.099309 0.071992
0 0.878613 0.498071 0.100266 0.073596
0 0.340133 0.535069 0.051590 0.043582
0 0.057838 0.200420 0.045512 0.049898
0 0.216048 0.534706 0.047312 0.056074
0 0.030177 0.249346 0.039614 0.040736
0 0.729309 0.875231 0.032281 0.078776
4 0.039063 0.617830 0.043875 0.070910
