0 0.733305 0.496865 0.043543 0.034959
0 0.460174 0.521355 0.042214 0.039562
0 0.782690 0.498104 0.049996 0.038085
0 0.674296 0.490441 0.045460 0.037256
0 0.846873 0.494434 0.042008 0.039990
1 0.149616 0.469506 0.085376 0.059940
0 0.624285 0.486839 0.040735 0.037466
0 0.916571 0.501941 0.039873 0.034375
0 0.284636 0.481835 0.040117 0.035393
0 0.978215 0.618803 0.042459 0.038095
0 0.377560 0.088039 0.035073 0.044560
0 0.709323 0.867257 0.032342 0.075724
4 0.343121 0.479952 0.046400 0.038435
0 0.582808 0.524095 0.046662 0.040700
0 0.080828 0.477085 0.039858 0.038741
0 0.214891 0.499076 0.056456 0.071030
0 0.342695 0.479056 0.047023 0.038970
0 0.727688 0.946729 0.026209 0.082775
0 0.019742 0.478463 0.039420 0.037983
0 0.073600 0.519070 0.045244 0.036715
0 0.773490 0.849430 0.033278 0.086287
0 0.804310 0.929765 0.031827 0.084057
0 0.665715 0.950435 0.032064 0.087111
0 0.311831 0.519429 0.038364 0.032589
0 0.368969 0.401193 0.039807 0.034667
