0 0.759893 0.539342 0.050875 0.039427
1 0.702023 0.491865 0.093227 0.076673
0 0.667127 0.528651 0.048976 0.047342
0 0.062587 0.492355 0.041101 0.035455
0 0.808918 0.501558 0.054703 0.042127
0 0.208220 0.524453 0.041562 0.033567
0 0.376552 0.093094 0.034845 0.047609
0 0.269751 0.527133 0.042417 0.037055
0 0.832923 0.573570 0.044761 0.043799
0 0.435458 0.524372 0.052710 0.042505
0 0.978195 0.621311 0.042540 0.040086
0 0.325697 0.525184 0.043479 0.039039
0 0.368784 0.406160 0.041675 0.038678
4 0.952639 0.483384 0.090558 0.088335
0 0.804780 0.934261 0.032325 0.083831
0 0.709573 0.873525 0.033259 0.081800
0 0.774934 0.854487 0.036491 0.085810
4 0.019003 0.633464 0.037945 0.077200
0 0.728195 0.951801 0.025809 0.083310
4 0.705745 0.486280 0.091856 0.069657
