0 0.389207 0.400053 0.040765 0.037243
0 0.076524 0.508239 0.047287 0.039952
0 0.513035 0.481079 0.053842 0.045055
0 0.399347 0.087654 0.035452 0.044671
0 0.711235 0.495479 0.038359 0.037759
0 0.990812 0.629961 0.017706 0.046861
0 0.243862 0.480268 0.036265 0.034958
4 0.917419 0.502444 0.100693 0.071111
0 0.826143 0.944852 0.032819 0.087310
0 0.216963 0.518418 0.044244 0.042416
0 0.057705 0.199742 0.045504 0.050231
0 0.287136 0.521055 0.035590 0.037940
0 0.030118 0.249604 0.039712 0.040131
4 0.039117 0.618404 0.044087 0.070270
