0 0.430056 0.476234 0.045304 0.038858
0 0.652229 0.479224 0.046188 0.038815
0 0.771159 0.486515 0.047414 0.037723
0 0.887767 0.494631 0.046848 0.040485
0 0.971497 0.608969 0.055546 0.042357
0 0.359790 0.395197 0.038732 0.034798
4 0.255635 0.490390 0.049685 0.080400
0 0.368990 0.086341 0.035913 0.051893
4 0.326787 0.496449 0.047231 0.074187
4 0.943499 0.448921 0.053009 0.049490
0 0.762253 0.836282 0.035621 0.087007
0 0.326599 0.498034 0.045678 0.066837
0 0.255577 0.489162 0.047900 0.077775
0 0.024205 0.495019 0.048083 0.071608
