0 0.800125 0.500039 0.046250 0.040034
0 0.689820 0.489224 0.045198 0.038344
0 0.749779 0.498895 0.044994 0.037148
0 0.863222 0.498509 0.043420 0.041325
0 0.639379 0.486651 0.042221 0.037034
0 0.944225 0.506059 0.038502 0.036047
0 0.987196 0.623554 0.024618 0.040364
0 0.385646 0.396010 0.040626 0.036675
0 0.083490 0.509222 0.044936 0.036144
0 0.518855 0.496752 0.036112 0.057430
0 0.394400 0.086819 0.035680 0.046313
0 0.074563 0.261779 0.075868 0.091480
1 0.167065 0.461045 0.084510 0.060732
0 0.053504 0.197042 0.043738 0.050128
0 0.286476 0.518976 0.058754 0.043793
0 0.819139 0.929338 0.031927 0.086007
0 0.442692 0.577249 0.036047 0.058442
