0 0.676229 0.490618 0.045745 0.038671
0 0.785234 0.499038 0.047459 0.039976
0 0.734791 0.498170 0.043886 0.035892
0 0.848327 0.497921 0.042263 0.037435
0 0.917646 0.503157 0.039008 0.033010
0 0.626031 0.487201 0.040833 0.036223
0 0.381191 0.088579 0.036072 0.046420
0 0.067416 0.516415 0.046655 0.035577
0 0.978193 0.619262 0.042869 0.041871
0 0.709285 0.867606 0.031892 0.074458
0 0.083563 0.475002 0.038136 0.037212
0 0.370669 0.399845 0.040003 0.036599
0 0.727484 0.946535 0.026220 0.085146
0 0.326805 0.515082 0.040130 0.041492
0 0.230298 0.483118 0.036176 0.035651
0 0.035772 0.204079 0.042198 0.051866
0 0.665762 0.950469 0.032381 0.087803
1 0.149959 0.465620 0.084233 0.054025
0 0.218499 0.482458 0.061193 0.039416
0 0.976300 0.507856 0.044237 0.041022
0 0.344968 0.479291 0.044875 0.039670
0 0.804721 0.931411 0.030896 0.082386
0 0.276565 0.516095 0.051783 0.039972
0 0.201640 0.518946 0.040537 0.039143
