0 0.790936 0.501512 0.047330 0.039262
0 0.776286 0.543958 0.047128 0.039020
1 0.158603 0.465033 0.082414 0.055417
0 0.681699 0.493181 0.045219 0.037248
0 0.854042 0.502141 0.042244 0.036989
0 0.333533 0.515718 0.038799 0.041959
0 0.386852 0.089171 0.036138 0.046137
0 0.740975 0.501156 0.043654 0.032457
0 0.924139 0.507147 0.040619 0.038523
0 0.631629 0.489947 0.041919 0.034256
0 0.377473 0.400684 0.041244 0.036793
0 0.810146 0.934858 0.032711 0.080748
0 0.982078 0.623649 0.034853 0.042670
0 0.206852 0.516063 0.036199 0.033547
0 0.229971 0.482431 0.049432 0.038591
0 0.290608 0.495885 0.048800 0.064878
0 0.076240 0.516417 0.046437 0.037013
0 0.437925 0.586778 0.036571 0.061109
0 0.672942 0.950588 0.029498 0.086867
0 0.090151 0.472506 0.036928 0.036204
0 0.350700 0.478703 0.046075 0.035507
0 0.783847 0.936677 0.039777 0.078414
