0 0.667671 0.489264 0.045403 0.037366
0 0.362772 0.400919 0.040685 0.035705
0 0.616606 0.486003 0.043287 0.039657
0 0.839546 0.494780 0.041237 0.038257
0 0.910534 0.498930 0.038239 0.034525
0 0.974517 0.616198 0.049930 0.041929
0 0.028101 0.485262 0.054455 0.044511
0 0.777200 0.496343 0.047924 0.040109
0 0.370845 0.091257 0.035829 0.048050
0 0.970445 0.502473 0.047112 0.039212
0 0.702617 0.865235 0.031572 0.076011
0 0.755013 0.535325 0.100855 0.084650
0 0.797894 0.930871 0.032244 0.076568
0 0.727311 0.496519 0.045048 0.035093
