0 0.676612 0.491909 0.044673 0.038195
0 0.734460 0.498950 0.043489 0.036032
0 0.848537 0.498742 0.042556 0.039790
1 0.152070 0.467870 0.083245 0.057334
0 0.626916 0.488962 0.042231 0.035265
0 0.918384 0.506029 0.039321 0.034680
0 0.783545 0.499740 0.050910 0.039797
0 0.979025 0.621976 0.040826 0.038315
0 0.381519 0.089822 0.036260 0.047763
0 0.709924 0.870325 0.030910 0.074616
0 0.036606 0.205109 0.043072 0.054734
0 0.069759 0.517580 0.047438 0.033489
0 0.082925 0.474674 0.035499 0.036409
0 0.276092 0.518211 0.049278 0.036778
0 0.230970 0.483678 0.035168 0.034759
0 0.201255 0.518301 0.042158 0.038533
0 0.284769 0.489735 0.040670 0.046725
0 0.804550 0.931980 0.031036 0.084450
0 0.727649 0.948423 0.026288 0.085793
0 0.875910 0.924688 0.032928 0.080445
0 0.789666 0.501392 0.039356 0.034842
0 0.020820 0.477867 0.041575 0.040865
0 0.371674 0.400095 0.039268 0.037291
0 0.665992 0.950979 0.032286 0.086364
0 0.327674 0.518435 0.039838 0.037476
