0 0.789957 0.500328 0.046855 0.040011
0 0.680228 0.492372 0.044502 0.037208
0 0.739868 0.500368 0.046317 0.037814
0 0.852145 0.500899 0.042191 0.037315
0 0.375553 0.400416 0.039237 0.035646
0 0.385430 0.089336 0.036349 0.047084
0 0.628649 0.488245 0.039904 0.034030
0 0.981265 0.624326 0.036508 0.038751
0 0.923429 0.506955 0.039008 0.037851
0 0.713242 0.868491 0.030338 0.076525
0 0.205593 0.516536 0.040645 0.035907
1 0.156357 0.466076 0.083305 0.056291
0 0.087804 0.473390 0.036450 0.037006
0 0.072256 0.515462 0.049120 0.034202
0 0.235116 0.482556 0.036826 0.036202
0 0.226068 0.482462 0.054690 0.040257
0 0.019314 0.255974 0.038464 0.033296
0 0.349875 0.477751 0.041861 0.037976
0 0.807357 0.931612 0.033877 0.084414
0 0.328249 0.517358 0.030845 0.040341
