1 0.703348 0.487056 0.089147 0.066693
0 0.093340 0.493797 0.040723 0.034509
0 0.401604 0.523617 0.057837 0.042366
0 0.627301 0.529802 0.046550 0.042828
0 0.375942 0.093894 0.035817 0.047077
0 0.208038 0.525372 0.041729 0.036114
0 0.619814 0.528037 0.061039 0.047198
0 0.977682 0.620683 0.043659 0.041283
0 0.324902 0.524574 0.043039 0.040113
0 0.269731 0.527301 0.043006 0.036029
4 0.953884 0.481764 0.092232 0.088841
4 0.703610 0.485519 0.090160 0.066849
0 0.708231 0.873036 0.034385 0.080677
0 0.368226 0.406440 0.041689 0.037907
0 0.804424 0.934078 0.031346 0.083906
0 0.719825 0.534728 0.047945 0.039044
4 0.019602 0.633117 0.039092 0.079068
0 0.774695 0.854489 0.036897 0.088895
0 0.870250 0.502123 0.036593 0.031691
0 0.727173 0.951581 0.025656 0.083534
