1 0.703453 0.486696 0.089685 0.065992
0 0.393233 0.523874 0.055819 0.042855
0 0.375917 0.093328 0.035679 0.047206
4 0.704873 0.485944 0.094423 0.069524
0 0.207218 0.525301 0.043855 0.041128
0 0.325018 0.526144 0.042855 0.039404
0 0.270457 0.527205 0.044718 0.036870
0 0.977490 0.620802 0.044054 0.040843
0 0.608339 0.526556 0.048303 0.049306
4 0.952964 0.485767 0.089411 0.089320
0 0.107559 0.494127 0.041138 0.035039
0 0.935528 0.542402 0.048503 0.042181
0 0.368299 0.406809 0.041443 0.038646
0 0.708437 0.872987 0.033699 0.080177
0 0.804090 0.933919 0.030865 0.083543
0 0.536453 0.525348 0.043325 0.038875
0 0.870281 0.502650 0.038375 0.034260
4 0.808142 0.501628 0.053633 0.041962
