0 0.744120 0.498861 0.044615 0.037450
0 0.793964 0.500898 0.049861 0.038298
0 0.928430 0.507141 0.039372 0.038493
0 0.857672 0.499095 0.042376 0.037731
0 0.684872 0.490869 0.045802 0.036298
0 0.634928 0.487717 0.040251 0.036116
0 0.566657 0.523452 0.040053 0.041303
0 0.404283 0.552000 0.046834 0.053432
0 0.380429 0.399096 0.039650 0.033916
0 0.983507 0.624558 0.032114 0.040552
0 0.283499 0.540062 0.045516 0.041899
0 0.092546 0.469405 0.036072 0.033112
0 0.363321 0.477343 0.046823 0.038426
0 0.079484 0.510796 0.046667 0.038425
0 0.736489 0.945998 0.024757 0.083744
1 0.781530 0.686665 0.025803 0.062097
0 0.813113 0.930847 0.033770 0.084810
1 0.162327 0.464989 0.083258 0.063654
0 0.298833 0.478911 0.034870 0.034320
1 0.675126 0.948271 0.031132 0.088693
1 0.757351 0.684608 0.022576 0.071388
