0 0.732531 0.494071 0.043921 0.034797
0 0.783537 0.493849 0.046200 0.036709
0 0.483325 0.519341 0.044737 0.036432
0 0.672475 0.485745 0.045730 0.040034
0 0.879566 0.534018 0.047702 0.045424
0 0.374816 0.086240 0.036207 0.045705
0 0.846906 0.491952 0.042277 0.035791
0 0.647229 0.521707 0.042013 0.039264
0 0.914811 0.497709 0.041152 0.037396
0 0.977861 0.614117 0.042867 0.040950
0 0.037350 0.515791 0.039574 0.035915
0 0.367246 0.398736 0.040658 0.036391
0 0.297557 0.516546 0.047232 0.035567
0 0.725754 0.940537 0.027659 0.085732
1 0.147624 0.472725 0.088667 0.069618
0 0.708082 0.861719 0.032937 0.080000
0 0.620527 0.484291 0.042204 0.038873
0 0.076243 0.474388 0.036779 0.036537
0 0.338962 0.476610 0.048795 0.042520
0 0.664661 0.947688 0.031299 0.082750
0 0.975918 0.502347 0.045057 0.038740
0 0.803351 0.926731 0.031383 0.082893
0 0.213303 0.482241 0.060202 0.038092
0 0.226927 0.481100 0.031891 0.033919
0 0.284390 0.484246 0.038288 0.044885
