1 0.699743 0.486175 0.091458 0.067265
0 0.913049 0.543587 0.048889 0.038063
0 0.789241 0.537106 0.048277 0.039715
0 0.273338 0.525663 0.046873 0.037783
0 0.836268 0.574580 0.046030 0.044885
0 0.370591 0.403365 0.041332 0.036687
4 0.949849 0.482578 0.076830 0.084479
0 0.328393 0.523085 0.042284 0.036583
0 0.811363 0.499688 0.050599 0.041328
0 0.979305 0.621386 0.040329 0.039643
0 0.875101 0.502038 0.039698 0.034628
0 0.806553 0.933196 0.033727 0.085562
0 0.378739 0.093451 0.035502 0.047368
0 0.207923 0.523440 0.039629 0.030548
0 0.034654 0.208296 0.043857 0.055947
0 0.704226 0.532538 0.040549 0.042489
4 0.700734 0.486107 0.092507 0.070455
4 0.019983 0.632374 0.039526 0.071035
0 0.851008 0.933354 0.034183 0.090971
0 0.878042 0.926395 0.038827 0.081407
0 0.775871 0.854260 0.034201 0.090519
