1 0.041062 0.475264 0.081842 0.065547
0 0.729320 0.497149 0.044667 0.036207
0 0.174808 0.485313 0.037221 0.032812
0 0.670415 0.490352 0.044111 0.037094
0 0.905591 0.543246 0.040895 0.039183
1 0.385462 0.511515 0.093965 0.076536
0 0.842186 0.494874 0.040124 0.037618
0 0.364390 0.401744 0.041337 0.034678
0 0.620764 0.487736 0.040602 0.035028
0 0.577424 0.528662 0.048987 0.041253
0 0.261524 0.485257 0.039904 0.035675
0 0.974909 0.619438 0.048577 0.034682
0 0.793241 0.535583 0.046047 0.035710
0 0.372871 0.089846 0.035806 0.046513
0 0.778337 0.497862 0.049615 0.038588
0 0.333047 0.481337 0.042437 0.039919
0 0.912403 0.501444 0.040004 0.036829
0 0.723090 0.947353 0.025717 0.081564
0 0.661214 0.949409 0.032747 0.087230
0 0.972602 0.504397 0.048515 0.041594
