0 0.722393 0.530944 0.056830 0.043192
1 0.640101 0.486064 0.086191 0.069053
0 0.457961 0.486070 0.043232 0.039425
0 0.332302 0.522094 0.043567 0.041510
0 0.814100 0.500034 0.054702 0.043966
0 0.382438 0.090615 0.036226 0.050080
4 0.956029 0.482853 0.084233 0.086614
0 0.276180 0.523213 0.047233 0.034341
0 0.373354 0.403225 0.038197 0.032097
0 0.204657 0.521486 0.040657 0.035477
0 0.877890 0.503138 0.038455 0.032825
0 0.981542 0.612534 0.036321 0.060696
0 0.038623 0.205698 0.044108 0.053365
0 0.981038 0.623303 0.036834 0.042673
0 0.810203 0.937533 0.032523 0.081478
0 0.841052 0.573838 0.040146 0.045341
0 0.453245 0.417365 0.018074 0.040404
0 0.969573 0.536643 0.052093 0.060308
4 0.640351 0.486742 0.085694 0.072136
0 0.713632 0.872198 0.031606 0.080119
