0 0.423238 0.523803 0.047508 0.035780
0 0.778195 0.496696 0.051292 0.039042
0 0.670737 0.489277 0.045582 0.037172
0 0.729799 0.498313 0.043256 0.037194
1 0.105496 0.473891 0.087623 0.066269
0 0.373336 0.090004 0.035142 0.044521
4 0.248150 0.508909 0.097997 0.082369
0 0.721406 0.535056 0.036835 0.036970
0 0.364888 0.401322 0.041564 0.035446
0 0.841803 0.495008 0.042289 0.037440
0 0.723996 0.947068 0.025723 0.081972
0 0.975756 0.617522 0.047396 0.040005
0 0.662437 0.949187 0.030996 0.086417
0 0.912303 0.500506 0.039729 0.034118
0 0.620381 0.525406 0.047687 0.042053
0 0.940804 0.539217 0.046984 0.042414
0 0.871970 0.923611 0.032250 0.077573
