0 0.742924 0.499039 0.044487 0.037723
0 0.927594 0.507668 0.039060 0.038825
0 0.684114 0.490544 0.044958 0.038074
0 0.793307 0.500788 0.049833 0.036656
0 0.856955 0.499074 0.041966 0.035674
0 0.633847 0.488238 0.043096 0.037236
0 0.380376 0.399634 0.040332 0.036867
1 0.162048 0.464709 0.084237 0.059736
0 0.983286 0.624053 0.032545 0.040707
0 0.091678 0.471092 0.038087 0.036197
0 0.603599 0.534273 0.042961 0.045535
0 0.078693 0.511233 0.047127 0.039042
0 0.812267 0.931307 0.033065 0.083215
0 0.354864 0.476231 0.044272 0.037103
0 0.428785 0.577292 0.042678 0.067042
0 0.327372 0.536289 0.051530 0.040518
0 0.674560 0.949010 0.031075 0.086744
0 0.735457 0.947516 0.025122 0.082223
