0 0.647669 0.529888 0.045622 0.042945
0 0.078526 0.492920 0.039643 0.034199
0 0.415604 0.523689 0.054840 0.043134
0 0.270453 0.526920 0.043988 0.037125
1 0.703953 0.493147 0.092191 0.078374
0 0.376166 0.093791 0.035381 0.046018
0 0.207843 0.524989 0.041426 0.035412
0 0.808452 0.501848 0.053815 0.043909
0 0.325694 0.524875 0.043393 0.039693
0 0.977963 0.621314 0.042984 0.040224
0 0.739998 0.536647 0.050180 0.036455
0 0.368390 0.406354 0.041071 0.038380
0 0.870851 0.502395 0.038008 0.031925
4 0.953472 0.484905 0.091676 0.088069
0 0.804473 0.934236 0.031617 0.083338
0 0.708741 0.873127 0.033804 0.081114
0 0.774806 0.854351 0.036607 0.088199
0 0.727398 0.951607 0.026260 0.083551
0 0.844174 0.539899 0.057960 0.042783
4 0.019083 0.632701 0.038063 0.078035
0 0.567950 0.527759 0.040977 0.040227
0 0.637216 0.867097 0.030375 0.088789
