0 0.672059 0.479567 0.046936 0.039253
0 0.732997 0.483790 0.044978 0.040014
0 0.802286 0.488700 0.048092 0.038624
0 0.606396 0.477605 0.043954 0.036873
0 0.904900 0.489464 0.046760 0.037597
0 0.972953 0.606345 0.052911 0.040409
0 0.463348 0.499861 0.030984 0.053004
0 0.328102 0.505848 0.042457 0.037815
0 0.306314 0.473588 0.040816 0.033835
0 0.359625 0.472664 0.049556 0.036011
0 0.362022 0.392247 0.040274 0.034949
0 0.257007 0.505469 0.047453 0.043280
0 0.023766 0.498152 0.047533 0.063311
0 0.699392 0.851579 0.030398 0.075817
0 0.187440 0.466758 0.031514 0.035169
0 0.245547 0.465654 0.044924 0.034935
