0 0.415063 0.481089 0.037197 0.038933
0 0.855958 0.506125 0.048674 0.041063
0 0.698725 0.502812 0.045615 0.032002
0 0.387829 0.400309 0.040513 0.036166
0 0.159313 0.471231 0.037316 0.033312
1 0.281455 0.468279 0.085080 0.061838
0 0.085852 0.512201 0.047193 0.036779
0 0.397048 0.088770 0.034829 0.046511
0 0.344924 0.518715 0.041546 0.038868
0 0.727124 0.873634 0.032131 0.078468
4 0.037807 0.618795 0.043575 0.070116
0 0.061916 0.471602 0.052898 0.040640
0 0.056276 0.200710 0.045573 0.052823
0 0.988783 0.630768 0.021718 0.041237
0 0.026207 0.514502 0.048341 0.039479
