0 0.603076 0.523621 0.045600 0.040834
0 0.731472 0.494566 0.043904 0.035789
0 0.671793 0.487254 0.046099 0.040544
0 0.825224 0.534574 0.048913 0.045335
0 0.620666 0.486017 0.044611 0.038170
0 0.914341 0.497422 0.041452 0.036395
0 0.781228 0.494242 0.047576 0.036569
0 0.845268 0.492234 0.041430 0.034931
0 0.374605 0.087391 0.035408 0.044490
0 0.075439 0.476019 0.037468 0.037086
0 0.977711 0.615250 0.043462 0.038859
0 0.281573 0.481788 0.041396 0.036739
0 0.366481 0.399738 0.041826 0.035847
0 0.246583 0.518786 0.038507 0.037219
0 0.426325 0.517877 0.047805 0.040835
0 0.338878 0.477367 0.048035 0.040373
1 0.146832 0.479250 0.089062 0.078995
0 0.664161 0.948858 0.032017 0.086798
0 0.017953 0.498918 0.035849 0.078286
0 0.725808 0.940971 0.026915 0.087364
0 0.802762 0.927044 0.032130 0.084110
0 0.706497 0.863414 0.031970 0.078978
0 0.018329 0.522107 0.036267 0.036593
