0 0.254910 0.510219 0.047884 0.041531
0 0.416422 0.476399 0.034322 0.035360
0 0.787079 0.484280 0.046728 0.037421
0 0.025547 0.502008 0.050999 0.069593
0 0.163193 0.479166 0.040396 0.036766
0 0.075664 0.482159 0.046359 0.034968
0 0.971623 0.610760 0.055290 0.042864
0 0.659991 0.483298 0.049673 0.041456
0 0.481085 0.547337 0.038467 0.056948
0 0.761044 0.839373 0.034677 0.085085
0 0.359045 0.396889 0.040344 0.038323
4 0.943504 0.450193 0.050084 0.050076
0 0.326145 0.510172 0.048290 0.045762
0 0.014636 0.621533 0.029055 0.070447
