0 0.734047 0.497272 0.043743 0.035498
0 0.674666 0.490356 0.046311 0.037878
0 0.784268 0.498708 0.048246 0.038703
1 0.151087 0.480030 0.086892 0.080684
0 0.399247 0.521713 0.044432 0.040059
0 0.847681 0.495666 0.042473 0.039116
0 0.513653 0.522231 0.042600 0.039865
0 0.917128 0.503293 0.039459 0.034611
0 0.341743 0.480689 0.048871 0.041903
0 0.285486 0.485054 0.038072 0.035327
0 0.266357 0.518987 0.042769 0.038073
0 0.065442 0.518232 0.044886 0.036183
0 0.625932 0.487071 0.041362 0.037893
0 0.978784 0.619784 0.041379 0.038121
0 0.178283 0.517150 0.037231 0.034558
0 0.229446 0.483533 0.035427 0.034663
0 0.080542 0.476727 0.036378 0.035034
0 0.709569 0.868100 0.032141 0.074648
0 0.378322 0.089371 0.035432 0.045030
0 0.804831 0.930716 0.031499 0.084767
0 0.727431 0.946694 0.026591 0.086035
0 0.020427 0.478080 0.040736 0.034580
0 0.773879 0.849767 0.032786 0.084901
4 0.957401 0.459014 0.052353 0.050141
0 0.369688 0.401473 0.039793 0.034553
0 0.666050 0.950398 0.032240 0.085282
