0 0.792154 0.501656 0.049224 0.037382
0 0.742609 0.499112 0.044536 0.036990
0 0.927601 0.507239 0.038099 0.037492
0 0.856437 0.498930 0.042192 0.036167
0 0.683816 0.491016 0.044987 0.037137
0 0.380075 0.399535 0.040515 0.037602
0 0.635372 0.488691 0.040167 0.035500
1 0.161645 0.464805 0.084054 0.059218
0 0.982983 0.624056 0.033183 0.039974
0 0.388439 0.088594 0.036447 0.046907
0 0.811701 0.931191 0.033962 0.083667
0 0.621683 0.532507 0.043842 0.048041
0 0.092586 0.471649 0.040500 0.034766
4 0.162104 0.464079 0.085042 0.056969
0 0.077729 0.513309 0.047756 0.035595
0 0.438586 0.599373 0.037460 0.074517
0 0.352630 0.478411 0.046459 0.037502
3 0.694770 0.597978 0.009169 0.032906
