0 0.388210 0.399587 0.039625 0.035093
0 0.936711 0.508254 0.056131 0.044087
0 0.081746 0.472466 0.050846 0.040100
0 0.398475 0.087359 0.035224 0.045082
1 0.435345 0.467748 0.088820 0.078115
0 0.990398 0.629659 0.018567 0.045094
0 0.728757 0.874415 0.031916 0.078509
0 0.120678 0.514105 0.038941 0.037329
0 0.056199 0.197592 0.044643 0.051206
0 0.343096 0.520958 0.041418 0.041496
0 0.290679 0.516565 0.044523 0.039182
4 0.037553 0.617585 0.043536 0.070272
0 0.076870 0.257435 0.077680 0.083290
0 0.029081 0.247823 0.039533 0.040352
