0 0.733463 0.493734 0.045137 0.035380
0 0.672429 0.483266 0.045814 0.041761
0 0.564834 0.523271 0.043125 0.035943
0 0.412951 0.517406 0.045163 0.036665
0 0.622168 0.483849 0.041518 0.038950
0 0.846420 0.493534 0.042196 0.035640
0 0.367448 0.399452 0.040938 0.036585
1 0.147493 0.467821 0.084331 0.060861
0 0.785302 0.512082 0.048708 0.072573
0 0.978429 0.615295 0.041927 0.039190
0 0.375372 0.086581 0.036178 0.045023
0 0.076440 0.474072 0.037501 0.036431
0 0.283300 0.481479 0.040296 0.035210
0 0.339782 0.477119 0.048597 0.039906
0 0.914764 0.496665 0.041382 0.036174
0 0.976565 0.502777 0.044461 0.040208
0 0.235610 0.516229 0.050050 0.038223
0 0.708654 0.861593 0.033397 0.080178
0 0.726078 0.941396 0.028822 0.085854
0 0.786283 0.523439 0.047170 0.051092
0 0.784380 0.493137 0.046082 0.035770
4 0.018195 0.621565 0.036390 0.073207
0 0.665026 0.948241 0.031336 0.083981
