0 0.380060 0.402171 0.039620 0.038842
0 0.283743 0.521968 0.045258 0.037481
0 0.831277 0.506822 0.037520 0.037727
4 0.946033 0.490461 0.102759 0.082542
0 0.111489 0.481907 0.046458 0.038303
0 0.637558 0.496367 0.050423 0.040534
1 0.376608 0.478379 0.082310 0.070494
0 0.337714 0.522365 0.041749 0.036793
4 0.377269 0.477326 0.081897 0.068317
0 0.889588 0.560671 0.037800 0.039019
0 0.984753 0.630546 0.029447 0.039153
0 0.389624 0.091643 0.035194 0.048340
0 0.721617 0.875329 0.032091 0.080152
0 0.785936 0.859939 0.036996 0.088555
0 0.859045 0.940329 0.039951 0.091556
4 0.690957 0.700007 0.024737 0.052942
