0 0.802462 0.500605 0.048470 0.039911
0 0.690596 0.492280 0.045412 0.036763
0 0.386517 0.397980 0.040630 0.037703
0 0.751832 0.499858 0.045871 0.038912
0 0.414859 0.550474 0.043745 0.040836
0 0.911181 0.502946 0.045525 0.038337
0 0.639484 0.487683 0.038354 0.032658
0 0.054950 0.199033 0.046194 0.052354
0 0.395581 0.087526 0.034791 0.045077
0 0.988199 0.625915 0.022681 0.040977
0 0.821347 0.934445 0.032540 0.082869
0 0.725462 0.870118 0.031309 0.077717
4 0.973367 0.465766 0.047126 0.047633
0 0.342406 0.525169 0.044034 0.055983
0 0.075975 0.257788 0.077058 0.082375
