0 0.676375 0.490863 0.045471 0.037924
0 0.784975 0.499054 0.048414 0.040052
0 0.734657 0.498372 0.043649 0.035515
0 0.848066 0.498019 0.042618 0.037714
0 0.917741 0.503451 0.038947 0.033195
0 0.381177 0.088015 0.036268 0.046418
0 0.626082 0.487658 0.040929 0.036127
0 0.370643 0.400286 0.039725 0.036890
0 0.979157 0.618245 0.040622 0.041995
0 0.083065 0.474623 0.035859 0.037800
0 0.709404 0.868231 0.032393 0.076610
0 0.067882 0.516648 0.046344 0.035710
0 0.344880 0.479348 0.044888 0.040568
0 0.666024 0.950254 0.031685 0.086102
1 0.149616 0.466384 0.083650 0.054731
0 0.230700 0.483589 0.035276 0.035659
0 0.020363 0.488198 0.040699 0.063092
0 0.326247 0.514377 0.038892 0.042720
0 0.219500 0.482760 0.058807 0.038530
0 0.036495 0.203788 0.041986 0.053917
0 0.282327 0.496983 0.046535 0.062232
0 0.804809 0.931415 0.030982 0.082579
0 0.201653 0.519540 0.040242 0.038999
0 0.727639 0.947615 0.025957 0.084148
