0 0.679532 0.494714 0.046217 0.036735
0 0.789756 0.502991 0.047297 0.037595
0 0.739530 0.502487 0.046454 0.036795
0 0.386013 0.090694 0.036478 0.045841
0 0.376102 0.401826 0.041299 0.035846
0 0.852439 0.503128 0.041805 0.037995
0 0.630375 0.489981 0.043245 0.037570
0 0.981447 0.625740 0.036084 0.041406
1 0.157444 0.466751 0.082994 0.055097
0 0.235008 0.483578 0.037530 0.034452
0 0.203225 0.518523 0.047757 0.038940
0 0.923020 0.509519 0.039320 0.034805
0 0.021284 0.493526 0.042518 0.071689
0 0.713300 0.870975 0.030514 0.079467
0 0.777713 0.851782 0.035091 0.088135
0 0.809234 0.937376 0.032684 0.081320
4 0.026683 0.622345 0.045356 0.066878
0 0.090040 0.475052 0.038264 0.037463
0 0.019065 0.256497 0.037886 0.034770
