1 0.160491 0.464971 0.084222 0.058937
0 0.792052 0.500240 0.050041 0.039695
0 0.682758 0.490606 0.045150 0.038033
0 0.855161 0.500016 0.042535 0.038756
0 0.741825 0.500560 0.042810 0.037366
0 0.379027 0.399760 0.040796 0.037505
0 0.661713 0.538526 0.044741 0.042878
0 0.925369 0.508002 0.039447 0.038769
0 0.388132 0.088999 0.036767 0.046793
0 0.982712 0.623921 0.033697 0.040410
0 0.811543 0.934446 0.032578 0.079887
0 0.351489 0.479223 0.047496 0.039081
0 0.332097 0.516919 0.036547 0.039841
0 0.633661 0.489125 0.042668 0.034816
0 0.091880 0.472418 0.039095 0.035871
0 0.377505 0.543476 0.045051 0.034750
0 0.209936 0.515297 0.041196 0.037182
