0 0.680761 0.494071 0.044781 0.037045
1 0.157593 0.467674 0.083412 0.057174
0 0.790256 0.503577 0.046247 0.037258
0 0.376658 0.400631 0.041774 0.036857
0 0.740128 0.501953 0.044824 0.038853
0 0.631371 0.488517 0.042210 0.035265
0 0.386325 0.089899 0.035883 0.046078
0 0.852995 0.503320 0.041156 0.037476
0 0.981732 0.625342 0.035562 0.039172
0 0.333553 0.518641 0.041659 0.036529
0 0.269485 0.540502 0.043543 0.034594
0 0.090003 0.474557 0.039409 0.037791
0 0.948954 0.551804 0.042809 0.042292
4 0.027627 0.621603 0.045286 0.067934
0 0.205152 0.519049 0.046934 0.040022
0 0.236673 0.483960 0.037444 0.034763
0 0.021090 0.491187 0.042095 0.068211
0 0.809599 0.936769 0.032594 0.081104
0 0.355235 0.479525 0.033969 0.037730
0 0.293003 0.494196 0.045361 0.059262
0 0.924977 0.507320 0.037960 0.033340
0 0.231927 0.485440 0.047999 0.040686
