0 0.777992 0.499148 0.047387 0.038117
0 0.708567 0.534561 0.046733 0.039032
0 0.729404 0.499939 0.043116 0.035548
0 0.335255 0.482098 0.049129 0.042397
1 0.497754 0.515558 0.090017 0.072256
0 0.619110 0.487606 0.040780 0.036790
0 0.364627 0.402618 0.041369 0.033473
0 0.669946 0.490844 0.046019 0.037899
0 0.841009 0.496200 0.041843 0.041466
0 0.373116 0.090948 0.036363 0.045931
0 0.975370 0.619468 0.048794 0.039557
0 0.660591 0.949360 0.033408 0.088238
0 0.117847 0.489137 0.038690 0.034985
0 0.928936 0.546033 0.051004 0.038243
0 0.722727 0.947171 0.025074 0.081715
0 0.911889 0.501415 0.041119 0.033215
0 0.768210 0.849585 0.035269 0.089022
