0 0.936895 0.553069 0.040552 0.039746
0 0.737765 0.502058 0.038014 0.036073
0 0.525730 0.488526 0.049811 0.043493
0 0.382222 0.401549 0.040417 0.036947
4 0.256078 0.485152 0.094609 0.104082
1 0.864731 0.492827 0.103622 0.075155
0 0.339255 0.521590 0.042494 0.040260
0 0.722872 0.874685 0.031985 0.080581
0 0.985710 0.630433 0.027616 0.039070
0 0.787059 0.860324 0.034190 0.082355
0 0.210737 0.521341 0.037391 0.036573
0 0.463097 0.416798 0.018632 0.042062
4 0.030585 0.621935 0.045043 0.067278
0 0.391596 0.091123 0.035649 0.044360
