0 0.457768 0.523807 0.047192 0.036757
1 0.089796 0.474206 0.089854 0.066204
0 0.779021 0.497267 0.047156 0.038679
0 0.729449 0.497193 0.044511 0.036436
0 0.670015 0.489666 0.045411 0.037210
0 0.661496 0.526726 0.044422 0.036636
0 0.373245 0.090063 0.035232 0.044517
0 0.913176 0.500198 0.041852 0.035433
0 0.213909 0.484671 0.037095 0.036021
0 0.975414 0.618764 0.046000 0.040222
0 0.841846 0.495282 0.042142 0.037382
0 0.365019 0.401767 0.041910 0.034934
4 0.278383 0.510439 0.097156 0.079046
0 0.620658 0.487668 0.040833 0.034717
0 0.767655 0.537153 0.038729 0.039926
0 0.662064 0.949307 0.032131 0.086741
0 0.724079 0.948024 0.025401 0.079613
