0 0.644627 0.479507 0.045759 0.037950
0 0.866166 0.488421 0.049225 0.038918
0 0.971534 0.610323 0.055493 0.042592
0 0.326240 0.510794 0.044914 0.044773
0 0.761641 0.838402 0.035060 0.085953
0 0.014560 0.482866 0.028959 0.034039
4 0.945113 0.450284 0.054289 0.049363
0 0.179295 0.511379 0.049230 0.037237
0 0.341688 0.473866 0.035618 0.033857
0 0.520023 0.475978 0.046608 0.041118
0 0.254854 0.511428 0.048077 0.036334
0 0.359142 0.396441 0.040318 0.036463
0 0.793064 0.918105 0.031290 0.081039
4 0.252743 0.466609 0.051438 0.037888
0 0.074652 0.495487 0.094790 0.069640
