0 0.789154 0.500337 0.047108 0.040300
0 0.679160 0.491849 0.045040 0.037034
0 0.738634 0.500085 0.044250 0.038388
0 0.852674 0.498630 0.041839 0.039892
0 0.375176 0.399755 0.040294 0.035699
0 0.385073 0.088534 0.035781 0.046997
0 0.628484 0.488500 0.037977 0.034818
0 0.980803 0.623200 0.037205 0.039073
0 0.923153 0.505484 0.039420 0.035365
1 0.155860 0.464994 0.083562 0.056944
0 0.712894 0.867902 0.031527 0.077717
0 0.807094 0.930430 0.033199 0.085508
0 0.380654 0.543589 0.041790 0.031263
0 0.204133 0.517204 0.046645 0.041205
0 0.235254 0.481771 0.036402 0.034874
0 0.070786 0.514560 0.048880 0.034376
0 0.331248 0.522321 0.039774 0.032656
4 0.155709 0.464633 0.085829 0.057499
1 0.628496 0.672546 0.020318 0.059862
1 0.776615 0.686469 0.024244 0.061001
0 0.018864 0.254477 0.037679 0.034661
0 0.086845 0.472400 0.035909 0.033363
