0 0.731893 0.494450 0.044483 0.035947
0 0.671760 0.486919 0.045818 0.040594
0 0.560795 0.520153 0.043358 0.038207
0 0.281694 0.482898 0.041401 0.037178
0 0.374594 0.087246 0.035478 0.044359
0 0.845325 0.492302 0.041678 0.035531
0 0.075836 0.475725 0.038736 0.037741
0 0.914625 0.497650 0.041606 0.036491
0 0.366520 0.399464 0.041905 0.035432
0 0.977637 0.614650 0.043521 0.040171
0 0.620930 0.485027 0.045180 0.038105
0 0.394360 0.518494 0.047520 0.039177
0 0.779530 0.530896 0.047461 0.047017
0 0.338875 0.477253 0.047633 0.040536
0 0.017573 0.480267 0.034849 0.036575
1 0.145525 0.467327 0.083446 0.056491
0 0.959090 0.541580 0.043371 0.037893
0 0.216006 0.517181 0.040227 0.044422
0 0.664285 0.948548 0.032211 0.086206
0 0.725211 0.941067 0.028620 0.087847
0 0.226039 0.482843 0.034657 0.034121
0 0.802808 0.927457 0.031906 0.083886
0 0.707153 0.862830 0.033596 0.080776
0 0.219541 0.486550 0.046210 0.047879
0 0.780280 0.511116 0.048344 0.075443
0 0.779975 0.492845 0.046576 0.036175
0 0.218719 0.499377 0.045613 0.070816
