0 0.734565 0.513512 0.049624 0.071979
0 0.782172 0.493510 0.046873 0.037761
0 0.672106 0.486534 0.046046 0.041876
0 0.845328 0.492394 0.041870 0.036538
0 0.281699 0.482673 0.041455 0.037561
0 0.621052 0.484870 0.045595 0.039300
0 0.374721 0.086924 0.035159 0.044626
0 0.076669 0.475715 0.040440 0.038348
0 0.977878 0.614034 0.042937 0.040525
0 0.366445 0.399010 0.042593 0.036359
0 0.516284 0.519725 0.047143 0.035606
0 0.018134 0.478585 0.035819 0.038852
0 0.181328 0.519363 0.042399 0.037948
0 0.364781 0.516507 0.045778 0.040133
0 0.725041 0.940871 0.028822 0.088029
0 0.225971 0.482567 0.034677 0.034246
0 0.335924 0.477869 0.043217 0.034131
0 0.707696 0.862305 0.032857 0.081538
0 0.220508 0.481069 0.047250 0.037394
0 0.803056 0.927104 0.031495 0.082635
0 0.975398 0.502324 0.046570 0.044135
0 0.664555 0.947812 0.031523 0.084460
0 0.915341 0.543635 0.043866 0.042089
0 0.914997 0.497714 0.040613 0.038298
