0 0.441920 0.521605 0.037515 0.037283
0 0.670274 0.488073 0.046671 0.039775
0 0.779042 0.495469 0.049426 0.037677
0 0.281354 0.483729 0.040720 0.037814
0 0.730835 0.495294 0.045815 0.035289
0 0.644533 0.528564 0.047594 0.044296
0 0.913576 0.498036 0.041628 0.037089
0 0.373872 0.087993 0.035069 0.045256
0 0.618972 0.485256 0.043893 0.040621
0 0.976918 0.614733 0.045097 0.039567
0 0.070492 0.477212 0.035523 0.035991
0 0.224131 0.483471 0.036229 0.034724
0 0.843363 0.492904 0.041768 0.036168
0 0.365141 0.399871 0.041841 0.037136
0 0.725629 0.943703 0.024977 0.085496
0 0.872742 0.535556 0.049802 0.041977
0 0.372987 0.514640 0.046008 0.039555
0 0.663237 0.948697 0.030434 0.086212
0 0.202775 0.521096 0.045113 0.040427
0 0.019330 0.512554 0.038660 0.069300
0 0.337263 0.479530 0.047775 0.040923
0 0.801476 0.927802 0.032507 0.085076
0 0.705983 0.864208 0.031775 0.076116
0 0.212183 0.493678 0.060419 0.062202
0 0.214980 0.482052 0.056402 0.038548
0 0.768974 0.845881 0.035152 0.092244
