0 0.679439 0.494383 0.045748 0.036680
0 0.739805 0.502319 0.046512 0.037153
0 0.789842 0.502880 0.047782 0.037966
0 0.376209 0.401609 0.041178 0.036633
0 0.386046 0.090506 0.036284 0.046122
0 0.852457 0.502953 0.041536 0.038229
0 0.630361 0.488717 0.040968 0.034031
1 0.157474 0.466698 0.083138 0.055357
0 0.202519 0.518520 0.051455 0.040334
0 0.981596 0.625978 0.035754 0.039187
0 0.097063 0.545787 0.043684 0.041657
0 0.235400 0.483766 0.037613 0.034467
0 0.713351 0.870886 0.030266 0.078595
0 0.020967 0.494771 0.041879 0.074392
0 0.852946 0.935446 0.034425 0.085910
0 0.777979 0.851371 0.035284 0.089087
0 0.809420 0.937287 0.032458 0.081137
4 0.026665 0.622030 0.044392 0.067338
0 0.354241 0.480401 0.033096 0.038293
0 0.090336 0.475167 0.038793 0.037483
