0 0.725237 0.496479 0.046313 0.037063
0 0.519825 0.465605 0.039390 0.046536
0 0.387804 0.400341 0.040194 0.036115
0 0.646321 0.490292 0.044560 0.038544
0 0.878570 0.511002 0.046258 0.038802
0 0.290825 0.517210 0.046592 0.039818
1 0.172833 0.465810 0.083561 0.058960
0 0.345256 0.517008 0.043660 0.038550
0 0.085585 0.514675 0.046134 0.039190
0 0.218182 0.514730 0.039969 0.035851
0 0.397092 0.089397 0.035525 0.046088
0 0.259946 0.480944 0.042510 0.040753
0 0.726569 0.872705 0.031343 0.080054
0 0.988795 0.630250 0.021774 0.040987
4 0.038760 0.618108 0.045655 0.070492
