0 0.785433 0.499202 0.047455 0.040230
0 0.676514 0.490673 0.045298 0.038340
0 0.734639 0.498613 0.043958 0.036175
0 0.848055 0.498027 0.041885 0.037769
0 0.917593 0.503315 0.039161 0.032996
0 0.625360 0.487389 0.040801 0.036523
0 0.381080 0.088573 0.036416 0.046798
0 0.370217 0.400406 0.039456 0.037322
1 0.150060 0.466921 0.083303 0.055715
0 0.068307 0.516776 0.046405 0.035664
0 0.083007 0.475005 0.036017 0.038479
0 0.978914 0.615408 0.041394 0.048675
0 0.230564 0.483818 0.035554 0.035781
0 0.344326 0.479375 0.045955 0.040537
0 0.709486 0.868584 0.032234 0.075943
0 0.036424 0.204025 0.042019 0.053815
0 0.020394 0.482405 0.040771 0.049893
0 0.326338 0.515412 0.038582 0.040581
0 0.666007 0.950437 0.031491 0.085481
0 0.220943 0.482913 0.055485 0.038923
0 0.976560 0.508049 0.044119 0.041311
0 0.279440 0.500810 0.052240 0.069273
