0 0.661651 0.497006 0.051473 0.041561
0 0.283647 0.520772 0.045278 0.037613
4 0.953120 0.486845 0.093136 0.088633
0 0.850518 0.507242 0.037646 0.037387
0 0.337520 0.521365 0.041720 0.039311
1 0.404013 0.476182 0.081846 0.066942
0 0.379795 0.402773 0.039098 0.037168
0 0.877035 0.565637 0.036449 0.040238
0 0.145110 0.481280 0.043890 0.036641
0 0.210399 0.521223 0.040522 0.039930
0 0.389224 0.090973 0.035805 0.047343
4 0.403823 0.476532 0.083339 0.067843
0 0.984603 0.628563 0.029860 0.041532
0 0.720693 0.874314 0.030481 0.079381
4 0.029194 0.624884 0.044495 0.068894
4 0.691057 0.698579 0.022997 0.055519
0 0.750073 0.846866 0.028212 0.063400
