1 0.416917 0.472803 0.084714 0.067156
0 0.086515 0.510096 0.046886 0.041321
0 0.264181 0.473320 0.034063 0.033932
0 0.866668 0.510272 0.046110 0.034906
0 0.388253 0.400402 0.039611 0.036167
0 0.398507 0.088125 0.035352 0.045310
0 0.344753 0.519373 0.044252 0.038974
0 0.592758 0.488948 0.037712 0.035265
0 0.026390 0.511764 0.049330 0.041943
0 0.217902 0.513445 0.039893 0.034710
0 0.292751 0.516331 0.049599 0.039675
0 0.117314 0.471310 0.055820 0.040516
4 0.038458 0.618118 0.044075 0.070208
0 0.728174 0.873506 0.031282 0.077189
