0 0.630319 0.530251 0.039592 0.044086
0 0.485680 0.524678 0.055035 0.043197
1 0.704842 0.485377 0.089691 0.064147
0 0.978686 0.620473 0.041581 0.040897
0 0.270395 0.526656 0.042447 0.037270
0 0.808529 0.500563 0.053911 0.041581
0 0.376602 0.093823 0.035214 0.048985
4 0.707191 0.484565 0.094227 0.067841
0 0.327398 0.524791 0.044005 0.040733
0 0.368913 0.405570 0.041155 0.037945
0 0.030045 0.493774 0.041280 0.034322
0 0.872428 0.502388 0.039736 0.035705
0 0.208910 0.524152 0.041197 0.032777
0 0.805901 0.934098 0.032147 0.085012
0 0.032787 0.211711 0.042745 0.054830
0 0.917422 0.542005 0.054892 0.044661
4 0.954352 0.478045 0.088967 0.074723
0 0.801292 0.540087 0.048432 0.042133
0 0.835510 0.575122 0.045212 0.043222
0 0.704611 0.533067 0.046146 0.041637
0 0.710492 0.874237 0.031863 0.079291
0 0.774829 0.854027 0.037081 0.089768
0 0.055905 0.274746 0.080728 0.084558
0 0.876194 0.925592 0.035727 0.080951
