0 0.677933 0.491870 0.044372 0.037980
0 0.373023 0.399751 0.038519 0.036482
0 0.850209 0.498509 0.041951 0.040973
0 0.736370 0.499312 0.043574 0.037977
0 0.382686 0.089063 0.035215 0.049061
0 0.786575 0.500498 0.048371 0.038820
0 0.711368 0.868539 0.029786 0.075785
1 0.154606 0.466567 0.083041 0.057903
0 0.627048 0.488084 0.040499 0.034831
0 0.040265 0.202394 0.044249 0.054696
0 0.919255 0.506167 0.038886 0.034832
0 0.979448 0.622499 0.039909 0.038405
0 0.070425 0.515345 0.046783 0.035471
0 0.805398 0.931978 0.032725 0.084899
0 0.288533 0.480609 0.035582 0.032130
0 0.876042 0.924671 0.035690 0.079748
0 0.085945 0.474219 0.037536 0.035107
0 0.274560 0.517495 0.042991 0.036752
0 0.233907 0.481435 0.036058 0.037687
0 0.347148 0.479318 0.044632 0.039912
0 0.204015 0.517137 0.038978 0.035708
0 0.728074 0.946599 0.026420 0.085909
4 0.024928 0.621738 0.046207 0.068105
