0 0.796476 0.499941 0.047790 0.039192
0 0.745759 0.498643 0.045118 0.036876
0 0.686761 0.491728 0.044912 0.037533
0 0.859239 0.497904 0.041873 0.039431
0 0.929732 0.507108 0.040522 0.036052
0 0.636642 0.486492 0.039986 0.040673
0 0.534713 0.511121 0.038061 0.050042
0 0.405300 0.480644 0.049774 0.044082
0 0.444476 0.589545 0.034995 0.061567
0 0.984647 0.623257 0.029943 0.042002
0 0.212131 0.542208 0.051428 0.049686
0 0.381404 0.398563 0.038804 0.035388
0 0.738796 0.946184 0.025201 0.083222
0 0.023127 0.248967 0.039060 0.038429
0 0.676940 0.949412 0.030298 0.085593
0 0.815450 0.929725 0.031539 0.085039
0 0.284377 0.515742 0.044356 0.037180
0 0.302069 0.480516 0.037778 0.037075
1 0.164070 0.465152 0.087311 0.066903
0 0.095625 0.468043 0.038555 0.032675
0 0.720428 0.866504 0.030556 0.076119
0 0.027757 0.493258 0.055415 0.083817
