1 0.424270 0.514928 0.090891 0.070592
0 0.728866 0.497442 0.044464 0.036283
0 0.777377 0.498784 0.048234 0.038078
0 0.336212 0.481914 0.048807 0.043405
0 0.670149 0.490023 0.044665 0.037706
0 0.364055 0.402013 0.040763 0.034766
0 0.156159 0.486600 0.038737 0.039010
0 0.616210 0.529998 0.057527 0.045364
0 0.249111 0.486238 0.042171 0.038447
0 0.373112 0.090373 0.035790 0.046609
0 0.911942 0.500581 0.040435 0.033452
0 0.975306 0.618723 0.048476 0.040119
0 0.660686 0.949472 0.033643 0.088490
1 0.031494 0.475571 0.062743 0.067384
0 0.722688 0.947736 0.026165 0.081581
0 0.840976 0.494875 0.043405 0.036746
0 0.768112 0.849201 0.034773 0.088583
0 0.620577 0.487909 0.040772 0.032586
