0 0.602798 0.525001 0.044785 0.045453
0 0.731138 0.494838 0.045365 0.035796
0 0.843890 0.491505 0.042723 0.035870
0 0.407508 0.520662 0.036905 0.034312
0 0.779839 0.494202 0.048758 0.037696
0 0.670735 0.487576 0.046241 0.039523
0 0.281079 0.483310 0.040851 0.037026
0 0.621410 0.486324 0.041791 0.038331
0 0.913312 0.497818 0.042486 0.036502
0 0.977172 0.614849 0.044286 0.039265
0 0.827141 0.534966 0.048457 0.042595
0 0.373887 0.087449 0.035397 0.044981
0 0.074661 0.476378 0.039180 0.036023
0 0.365505 0.400362 0.042837 0.035798
0 0.725874 0.942641 0.025434 0.086120
0 0.223845 0.482862 0.037450 0.033925
0 0.663732 0.948248 0.030572 0.086008
0 0.174795 0.521384 0.035219 0.033326
1 0.145547 0.474302 0.087250 0.068897
4 0.145227 0.472657 0.085087 0.066485
0 0.768477 0.845619 0.037086 0.093475
0 0.706053 0.864209 0.031638 0.075005
