0 0.252351 0.510353 0.046022 0.039400
0 0.465912 0.476112 0.035915 0.036935
0 0.971410 0.609075 0.055589 0.042134
0 0.018534 0.482497 0.037067 0.033891
0 0.882506 0.491747 0.048160 0.038942
0 0.749201 0.483228 0.049998 0.045466
0 0.326092 0.508712 0.045252 0.043118
0 0.203955 0.478589 0.039703 0.037702
0 0.102339 0.483225 0.045915 0.034618
0 0.014371 0.621157 0.028474 0.069992
0 0.367835 0.084127 0.036481 0.051884
0 0.761703 0.836821 0.035686 0.088186
4 0.940553 0.448457 0.046003 0.048286
0 0.547412 0.494413 0.042790 0.042413
0 0.940985 0.448105 0.046670 0.046093
