0 0.689264 0.489107 0.045646 0.037492
0 0.799631 0.498615 0.048569 0.038359
0 0.863127 0.494728 0.043088 0.043785
0 0.639124 0.484191 0.042700 0.040117
0 0.749454 0.496550 0.046480 0.036387
0 0.081420 0.506560 0.046163 0.038690
0 0.384361 0.394561 0.039804 0.036471
0 0.933619 0.502892 0.039406 0.032883
0 0.522628 0.500159 0.038614 0.056965
0 0.412911 0.550101 0.041069 0.043920
0 0.289583 0.511224 0.048952 0.041143
0 0.419096 0.492162 0.041299 0.041075
0 0.986856 0.621397 0.025240 0.037722
0 0.097262 0.466149 0.039523 0.034361
0 0.393923 0.085287 0.036296 0.048421
1 0.165928 0.461247 0.085077 0.061872
0 0.024481 0.245921 0.036681 0.039287
0 0.216312 0.526183 0.066516 0.070582
0 0.724349 0.865359 0.032388 0.076345
0 0.052788 0.195319 0.043215 0.048789
0 0.818289 0.928831 0.032622 0.087439
