0 0.665496 0.488410 0.045794 0.040149
0 0.908298 0.497724 0.039312 0.035232
0 0.838385 0.493093 0.042985 0.035055
0 0.615746 0.484604 0.042537 0.041111
0 0.775689 0.494647 0.048238 0.038588
0 0.361341 0.401021 0.038218 0.035467
0 0.973902 0.614947 0.051182 0.040368
0 0.369995 0.090204 0.034957 0.046524
0 0.701009 0.861672 0.030481 0.076025
1 0.616999 0.670738 0.020754 0.060530
0 0.726244 0.495917 0.045920 0.035676
1 0.739118 0.681440 0.026980 0.074470
0 0.719143 0.942837 0.031045 0.087966
1 0.643092 0.677179 0.020691 0.067867
0 0.796262 0.926721 0.033974 0.080533
