0 0.670906 0.479549 0.046333 0.039384
0 0.734942 0.484578 0.045002 0.041934
0 0.604266 0.477074 0.045082 0.039216
0 0.972218 0.606645 0.054393 0.041383
0 0.915423 0.492093 0.048700 0.036742
0 0.361134 0.392838 0.039628 0.034592
0 0.366660 0.472094 0.045874 0.038588
0 0.186709 0.467977 0.031739 0.037242
0 0.306235 0.474249 0.042737 0.034933
0 0.327551 0.507472 0.043055 0.038642
0 0.024606 0.494425 0.049095 0.071693
0 0.793630 0.915679 0.032307 0.082921
0 0.186596 0.540936 0.044864 0.046562
0 0.699560 0.851923 0.030879 0.076908
0 0.251506 0.494881 0.050366 0.065257
0 0.246264 0.465566 0.046550 0.034300
