0 0.790515 0.501656 0.047061 0.039114
0 0.681820 0.493225 0.044592 0.036842
1 0.158659 0.465282 0.082820 0.054349
0 0.741085 0.502021 0.044789 0.037461
0 0.333937 0.516492 0.039192 0.041163
0 0.386981 0.089730 0.035825 0.046429
0 0.841608 0.547675 0.045937 0.032288
0 0.924304 0.507350 0.039872 0.038873
0 0.631997 0.489882 0.042294 0.034318
0 0.377252 0.400807 0.040990 0.036516
0 0.854208 0.501178 0.042322 0.034372
0 0.810294 0.935392 0.031483 0.079709
0 0.076005 0.514997 0.046949 0.039376
0 0.235787 0.483257 0.038613 0.035363
4 0.027950 0.620341 0.044241 0.068941
0 0.982117 0.623754 0.034666 0.042580
0 0.089315 0.472598 0.034082 0.033936
0 0.290208 0.494829 0.046682 0.062476
0 0.202954 0.527063 0.051556 0.055490
0 0.350939 0.479204 0.046109 0.035093
