0 0.784427 0.499308 0.047278 0.039132
0 0.675760 0.491503 0.044942 0.037963
0 0.734206 0.498912 0.043971 0.036549
0 0.624869 0.487446 0.041372 0.037385
0 0.917533 0.504135 0.038599 0.033938
1 0.151127 0.470585 0.086243 0.061037
0 0.978526 0.619824 0.041836 0.038427
0 0.847032 0.497191 0.042649 0.038286
0 0.067019 0.518442 0.045165 0.036067
0 0.286479 0.483307 0.041640 0.035778
0 0.323219 0.520578 0.045255 0.037590
0 0.378941 0.089480 0.036447 0.046796
0 0.414485 0.519536 0.043164 0.039187
0 0.081786 0.477141 0.035256 0.035818
0 0.709380 0.869856 0.032191 0.078446
0 0.371517 0.400323 0.044172 0.038099
0 0.229222 0.483880 0.034801 0.034908
0 0.666353 0.951730 0.030050 0.083943
0 0.804406 0.931813 0.031800 0.084344
0 0.344589 0.476523 0.040753 0.034859
0 0.034205 0.206386 0.043353 0.051562
0 0.020368 0.478138 0.040653 0.036130
