0 0.792669 0.500526 0.049748 0.039202
0 0.741975 0.500500 0.042966 0.036110
1 0.160860 0.465469 0.083764 0.059698
0 0.855809 0.500311 0.042443 0.037980
0 0.926139 0.507732 0.039197 0.038881
0 0.683287 0.491173 0.045510 0.037649
0 0.379793 0.400147 0.040370 0.036681
0 0.388273 0.088795 0.036544 0.046784
0 0.634719 0.488592 0.042016 0.034737
0 0.982759 0.624403 0.033598 0.040652
0 0.811284 0.932083 0.033765 0.083604
0 0.641579 0.538472 0.045207 0.040731
0 0.352635 0.479782 0.045883 0.036822
0 0.092551 0.471995 0.039711 0.034942
0 0.716092 0.868352 0.031586 0.075473
