0 0.413335 0.476188 0.043214 0.035661
0 0.627425 0.520394 0.042647 0.039055
0 0.734051 0.485972 0.045473 0.042165
0 0.672753 0.480340 0.047947 0.036168
0 0.863027 0.487183 0.047966 0.038130
0 0.329704 0.508123 0.043256 0.044105
0 0.802312 0.489782 0.047377 0.038686
0 0.359116 0.473015 0.047663 0.036759
0 0.973358 0.607977 0.052253 0.041515
0 0.308254 0.474035 0.042342 0.034137
0 0.362762 0.393455 0.040901 0.035943
0 0.370771 0.085547 0.035927 0.044596
0 0.605710 0.478888 0.044596 0.035474
0 0.258019 0.503771 0.046047 0.046481
0 0.700679 0.852877 0.031994 0.076787
0 0.024780 0.496443 0.049143 0.066288
0 0.187784 0.467155 0.033459 0.039411
0 0.246608 0.465309 0.042742 0.033516
0 0.027633 0.202873 0.044687 0.056147
0 0.795868 0.917243 0.033468 0.081172
