0 0.733339 0.482126 0.045211 0.039053
0 0.672464 0.478785 0.046724 0.039779
0 0.878322 0.486825 0.047380 0.038235
0 0.440945 0.475526 0.039685 0.042540
0 0.802451 0.487781 0.048034 0.038981
0 0.605397 0.476420 0.045454 0.036531
0 0.973179 0.605285 0.052448 0.041698
0 0.328725 0.504425 0.042549 0.037264
0 0.359632 0.470542 0.048901 0.036292
0 0.187261 0.465647 0.032209 0.037093
4 0.946583 0.445819 0.048600 0.046882
0 0.025336 0.499823 0.046989 0.056926
0 0.028180 0.491703 0.047759 0.068200
0 0.795128 0.916406 0.032703 0.079955
0 0.246622 0.465515 0.044414 0.034655
0 0.306988 0.472134 0.040340 0.034596
0 0.699509 0.851228 0.030843 0.077156
0 0.252134 0.486298 0.047202 0.075841
0 0.395912 0.554667 0.038643 0.049269
