0 0.675779 0.492382 0.045664 0.037777
1 0.150785 0.468575 0.084151 0.056772
0 0.783376 0.499736 0.050594 0.039787
0 0.734238 0.499946 0.044162 0.036897
0 0.626394 0.488978 0.039848 0.035205
0 0.917774 0.504993 0.039489 0.034786
0 0.847858 0.498457 0.042572 0.038270
0 0.230896 0.483643 0.034215 0.034629
0 0.978947 0.621198 0.041031 0.038352
0 0.380520 0.089349 0.035412 0.046758
0 0.068359 0.519159 0.045720 0.034478
0 0.020922 0.479651 0.041806 0.042822
0 0.201869 0.519534 0.041887 0.040022
0 0.274324 0.518960 0.049077 0.036205
0 0.083090 0.476781 0.036789 0.036909
0 0.286426 0.488769 0.039005 0.043721
0 0.709545 0.871057 0.031804 0.078821
0 0.035062 0.206976 0.042533 0.047521
0 0.804244 0.932028 0.030945 0.085348
0 0.875516 0.924416 0.033570 0.080913
0 0.370306 0.402092 0.039059 0.033405
0 0.328311 0.522372 0.043951 0.032402
