0 0.780189 0.494637 0.049400 0.037741
0 0.374243 0.087388 0.035587 0.044351
0 0.620060 0.486093 0.045287 0.038737
0 0.844605 0.493093 0.042779 0.035435
0 0.671499 0.487385 0.046785 0.040399
0 0.366164 0.400236 0.042273 0.036514
0 0.977187 0.614244 0.044540 0.041022
0 0.075741 0.476161 0.038455 0.037136
0 0.734295 0.513039 0.050184 0.069348
0 0.914041 0.497667 0.042150 0.036092
0 0.725963 0.942502 0.025155 0.083270
1 0.145861 0.470058 0.085305 0.058608
0 0.224251 0.483131 0.037501 0.034531
0 0.282400 0.496495 0.045165 0.065079
0 0.525998 0.522154 0.044415 0.037914
0 0.344637 0.519802 0.039169 0.035617
0 0.664017 0.948791 0.031443 0.087297
0 0.706596 0.863978 0.031662 0.076633
0 0.337825 0.478750 0.048499 0.038615
0 0.736209 0.525708 0.046792 0.046873
0 0.802204 0.927407 0.032277 0.085100
