0 0.743228 0.498973 0.044720 0.037620
0 0.793272 0.500129 0.050352 0.037975
0 0.927538 0.507650 0.039551 0.038154
0 0.684301 0.490298 0.044872 0.036905
0 0.857038 0.499388 0.042295 0.035353
0 0.634133 0.487946 0.042250 0.036657
0 0.582726 0.527976 0.040273 0.041480
0 0.357547 0.476776 0.046017 0.037728
0 0.380198 0.399227 0.039245 0.035648
0 0.983344 0.624652 0.032437 0.040415
1 0.162246 0.464790 0.083946 0.061214
0 0.092682 0.470792 0.037905 0.035136
0 0.415433 0.563234 0.049655 0.059603
0 0.812613 0.931476 0.033542 0.085282
0 0.079121 0.511452 0.046836 0.038085
0 0.736090 0.946950 0.025652 0.083188
1 0.780017 0.685670 0.026743 0.063714
