0 0.431071 0.472221 0.039964 0.036744
0 0.733504 0.482046 0.045224 0.038671
0 0.869106 0.484848 0.048553 0.039758
0 0.672527 0.478291 0.046033 0.038892
0 0.802215 0.487578 0.047681 0.039785
0 0.973237 0.604658 0.052274 0.041370
0 0.328552 0.504142 0.041996 0.035977
0 0.359215 0.470148 0.047150 0.035389
0 0.606043 0.475379 0.044322 0.037270
0 0.362008 0.392325 0.039715 0.033561
0 0.025450 0.499954 0.047243 0.057252
0 0.186949 0.465704 0.033187 0.037571
0 0.407498 0.569468 0.037543 0.051317
0 0.252200 0.485821 0.047998 0.076173
0 0.028343 0.491613 0.047846 0.069677
0 0.307434 0.471855 0.040491 0.034167
0 0.246715 0.465279 0.045221 0.034714
1 0.616650 0.660715 0.020673 0.063053
4 0.945924 0.445741 0.047332 0.045611
