0 0.733124 0.496877 0.044129 0.034442
0 0.782512 0.497201 0.049144 0.037541
0 0.846093 0.494967 0.041672 0.038132
0 0.255355 0.513918 0.045116 0.040184
0 0.674448 0.488902 0.043660 0.037413
0 0.916618 0.501360 0.040648 0.034083
1 0.148817 0.469325 0.085369 0.061050
0 0.622790 0.486132 0.043413 0.040394
0 0.078332 0.475196 0.039068 0.036578
0 0.362149 0.518374 0.042279 0.039667
0 0.094896 0.517885 0.045713 0.037226
0 0.709250 0.866355 0.033119 0.076010
0 0.525020 0.523876 0.041113 0.036974
0 0.978126 0.617978 0.042726 0.038805
0 0.376798 0.087737 0.035980 0.045478
0 0.665295 0.528133 0.044765 0.040773
0 0.338560 0.477812 0.044472 0.040495
0 0.727306 0.946463 0.025921 0.082440
0 0.285620 0.483484 0.034616 0.035963
0 0.803830 0.929260 0.031316 0.082312
0 0.368489 0.400393 0.039038 0.034898
0 0.227992 0.482878 0.033933 0.033823
0 0.773358 0.848486 0.035331 0.087142
