0 0.690805 0.495303 0.046957 0.038681
0 0.761580 0.503686 0.047218 0.037006
0 0.872193 0.507439 0.049117 0.039880
0 0.386436 0.400787 0.037990 0.035630
0 0.640724 0.488984 0.040639 0.034278
0 0.724799 0.872590 0.031230 0.079292
4 0.168766 0.464110 0.084691 0.056971
0 0.987817 0.629880 0.023559 0.039736
0 0.466111 0.405542 0.019098 0.057035
0 0.085947 0.512352 0.045184 0.035222
0 0.395780 0.090268 0.035428 0.046275
4 0.037867 0.618795 0.045039 0.070225
1 0.168241 0.465433 0.082655 0.057638
0 0.099849 0.471062 0.035126 0.033399
0 0.820896 0.938468 0.032670 0.082251
