0 0.672710 0.482572 0.046428 0.037707
0 0.734193 0.488361 0.045948 0.039860
0 0.413688 0.476755 0.042657 0.032719
0 0.606535 0.480200 0.045086 0.040461
0 0.863335 0.489445 0.046335 0.038976
0 0.801953 0.493171 0.047205 0.036552
0 0.308560 0.475179 0.043682 0.034955
0 0.973250 0.609933 0.052474 0.041704
0 0.452265 0.468137 0.036895 0.044112
0 0.357279 0.477091 0.049466 0.033536
0 0.330305 0.509066 0.042697 0.043129
0 0.363501 0.396302 0.041005 0.037250
0 0.245783 0.469989 0.044291 0.036962
0 0.371834 0.086297 0.035357 0.045423
0 0.188290 0.468567 0.034776 0.036999
0 0.259085 0.508867 0.046369 0.041458
0 0.700326 0.855576 0.031117 0.075564
0 0.927951 0.524422 0.057331 0.061574
0 0.252604 0.497542 0.047663 0.057314
4 0.017024 0.620322 0.033858 0.069793
0 0.795317 0.918330 0.033134 0.082899
