0 0.790189 0.502228 0.047779 0.037778
0 0.680868 0.493959 0.044615 0.036755
1 0.157415 0.466677 0.083662 0.054950
0 0.740644 0.501713 0.044555 0.039281
0 0.852726 0.501972 0.042107 0.034805
0 0.386487 0.089521 0.035729 0.046449
0 0.632175 0.488608 0.043143 0.035020
0 0.914087 0.551015 0.046978 0.040942
0 0.376820 0.401121 0.041483 0.035860
0 0.333404 0.517668 0.040218 0.037002
0 0.088782 0.474314 0.035112 0.037378
0 0.981829 0.624674 0.035401 0.037595
0 0.925880 0.508814 0.038355 0.040453
0 0.809720 0.935742 0.032076 0.079833
4 0.028880 0.620901 0.045911 0.069097
0 0.082047 0.513359 0.036796 0.044863
