0 0.621016 0.483879 0.045128 0.039386
0 0.782623 0.493425 0.047417 0.036746
0 0.846325 0.492196 0.042275 0.035521
0 0.732037 0.493504 0.044465 0.034052
0 0.672324 0.483912 0.045201 0.037584
0 0.282695 0.480168 0.040972 0.037334
0 0.374874 0.085617 0.035511 0.045724
0 0.520398 0.519544 0.039955 0.037264
0 0.977958 0.613005 0.042879 0.040818
0 0.059535 0.515875 0.037747 0.036845
0 0.366654 0.398871 0.040149 0.036165
0 0.689668 0.526720 0.041838 0.036517
0 0.725715 0.940015 0.026926 0.084895
1 0.146178 0.465293 0.085843 0.055629
0 0.331257 0.509953 0.047967 0.045170
0 0.076570 0.474908 0.035800 0.037254
0 0.708074 0.861521 0.032628 0.080917
0 0.664869 0.947574 0.031501 0.082982
0 0.216209 0.480485 0.052732 0.037832
0 0.802763 0.925765 0.032195 0.082358
0 0.975721 0.501825 0.045642 0.040536
4 0.017490 0.622198 0.034928 0.071697
0 0.214017 0.494588 0.054159 0.066861
0 0.914582 0.498374 0.041611 0.040960
0 0.211619 0.517596 0.049513 0.037884
