0 0.482741 0.484977 0.042596 0.036596
0 0.610194 0.491633 0.048259 0.037648
0 0.293970 0.481348 0.044271 0.035404
0 0.074922 0.484445 0.047544 0.037342
0 0.786488 0.488614 0.040552 0.037380
0 0.359065 0.399556 0.040260 0.037684
0 0.896218 0.496249 0.039474 0.033829
0 0.972315 0.613021 0.054231 0.041599
0 0.367801 0.088423 0.037579 0.048058
0 0.699398 0.861496 0.031587 0.078166
4 0.947186 0.450695 0.053781 0.049353
0 0.717355 0.939466 0.024402 0.082836
0 0.793358 0.922014 0.031714 0.085239
0 0.961234 0.498829 0.054506 0.043855
